IVI_VAL_READ_ONLY_ATTR_SET_BY_USER,2,None,,,,,,,,,,,,,,,,,,,,,,,,,,,,,,,,,,,,,,,,,,,,,,,,,
IVI_VAL_ATTR_SET_TO_INSTR_SPECIFIC_VALUE,3,None,,,,,,,,,,,,,,,,,,,,,,,,,,,,,,,,,,,,,,,,,,,,,,,,,
IVI_STATUS_CODE_BASE,1073348608,None,,,,,,,,,,,,,,,,,,,,,,,,,,,,,,,,,,,,,,,,,,,,,,,,,
IVI_ERROR_BASE,3220832256,None,,,,,,,,,,,,,,,,,,,,,,,,,,,,,,,,,,,,,,,,,,,,,,,,,
IVI_ERROR_IVI_ATTR_NOT_WRITABLE,3220832269,None,,,,,,,,,,,,,,,,,,,,,,,,,,,,,,,,,,,,,,,,,,,,,,,,,
IVI_ERROR_IVI_ATTR_NOT_READABLE,3220832270,None,,,,,,,,,,,,,,,,,,,,,,,,,,,,,,,,,,,,,,,,,,,,,,,,,
IVI_ERROR_ATTR_NOT_VALID_FOR_CHANNEL,3220832326,None,,,,,,,,,,,,,,,,,,,,,,,,,,,,,,,,,,,,,,,,,,,,,,,,,
IVI_ERROR_ATTR_MUST_BE_CHANNEL_BASED,3220832327,None,,,,,,,,,,,,,,,,,,,,,,,,,,,,,,,,,,,,,,,,,,,,,,,,,
IVI_ERROR_ATTR_NOT_CACHEABLE,3220832338,None,,,,,,,,,,,,,,,,,,,,,,,,,,,,,,,,,,,,,,,,,,,,,,,,,
IVI_ERROR_ATTR_NOT_VALID_FOR_REPEATED_CAPABILITY,3220832326,None,,,,,,,,,,,,,,,,,,,,,,,,,,,,,,,,,,,,,,,,,,,,,,,,,
IVI_ERROR_ATTR_MUST_BE_REPEATED_CAPABILITY_BASED,3220832327,None,,,,,,,,,,,,,,,,,,,,,,,,,,,,,,,,,,,,,,,,,,,,,,,,,
IVI_ATTR_BASE,1000000,None,,,,,,,,,,,,,,,,,,,,,,,,,,,,,,,,,,,,,,,,,,,,,,,,,
IVI_ENGINE_PRIVATE_ATTR_BASE,1000000,None,,,,,,,,,,,,,,,,,,,,,,,,,,,,,,,,,,,,,,,,,,,,,,,,,
IVI_ENGINE_PUBLIC_ATTR_BASE,1050000,None,,,,,,,,,,,,,,,,,,,,,,,,,,,,,,,,,,,,,,,,,,,,,,,,,
IVI_SPECIFIC_PUBLIC_ATTR_BASE,1150000,None,,,,,,,,,,,,,,,,,,,,,,,,,,,,,,,,,,,,,,,,,,,,,,,,,
IVI_SPECIFIC_PRIVATE_ATTR_BASE,1200000,None,,,,,,,,,,,,,,,,,,,,,,,,,,,,,,,,,,,,,,,,,,,,,,,,,
IVI_CLASS_PUBLIC_ATTR_BASE,1250000,None,,,,,,,,,,,,,,,,,,,,,,,,,,,,,,,,,,,,,,,,,,,,,,,,,
IVI_CLASS_PRIVATE_ATTR_BASE,1300000,None,,,,,,,,,,,,,,,,,,,,,,,,,,,,,,,,,,,,,,,,,,,,,,,,,
IVI_ATTR_NONE,4294967295,None,,,,,,,,,,,,,,,,,,,,,,,,,,,,,,,,,,,,,,,,,,,,,,,,,
IVI_ATTR_RANGE_CHECK,1050002,ViBoolean,,,,,,,,,,,,,,,,,,,,,,,,,,,,,,,,,,,,,,,,,,,,,,,,,
IVI_ATTR_QUERY_INSTRUMENT_STATUS,1050003,ViBoolean,,,,,,,,,,,,,,,,,,,,,,,,,,,,,,,,,,,,,,,,,,,,,,,,,
IVI_ATTR_CACHE,1050004,ViBoolean,,,,,,,,,,,,,,,,,,,,,,,,,,,,,,,,,,,,,,,,,,,,,,,,,
IVI_ATTR_SIMULATE,1050005,ViBoolean,,,,,,,,,,,,,,,,,,,,,,,,,,,,,,,,,,,,,,,,,,,,,,,,,
IVI_ATTR_RECORD_COERCIONS,1050006,ViBoolean,,,,,,,,,,,,,,,,,,,,,,,,,,,,,,,,,,,,,,,,,,,,,,,,,
IVI_ATTR_DRIVER_SETUP,1050007,ViString,,,,,,,,,,,,,,,,,,,,,,,,,,,,,,,,,,,,,,,,,,,,,,,,,
IVI_ATTR_INTERCHANGE_CHECK,1050021,ViBoolean,,,,,,,,,,,,,,,,,,,,,,,,,,,,,,,,,,,,,,,,,,,,,,,,,
IVI_ATTR_SPY,1050022,ViBoolean,,,,,,,,,,,,,,,,,,,,,,,,,,,,,,,,,,,,,,,,,,,,,,,,,
IVI_ATTR_USE_SPECIFIC_SIMULATION,1050023,ViBoolean,,,,,,,,,,,,,,,,,,,,,,,,,,,,,,,,,,,,,,,,,,,,,,,,,
IVI_ATTR_PRIMARY_ERROR,1050101,ViInt32,,,,,,,,,,,,,,,,,,,,,,,,,,,,,,,,,,,,,,,,,,,,,,,,,
IVI_ATTR_SECONDARY_ERROR,1050102,None,,,,,,,,,,,,,,,,,,,,,,,,,,,,,,,,,,,,,,,,,,,,,,,,,
IVI_ATTR_ERROR_ELABORATION,1050103,ViString,,,,,,,,,,,,,,,,,,,,,,,,,,,,,,,,,,,,,,,,,,,,,,,,,
IVI_ATTR_CHANNEL_COUNT,1050203,ViInt32,,,,,,,,,,,,,,,,,,,,,,,,,,,,,,,,,,,,,,,,,,,,,,,,,
IVI_ATTR_CLASS_DRIVER_PREFIX,1050301,ViString,,,,,,,,,,,,,,,,,,,,,,,,,,,,,,,,,,,,,,,,,,,,,,,,,
IVI_ATTR_SPECIFIC_DRIVER_PREFIX,1050302,ViString,,,,,,,,,,,,,,,,,,,,,,,,,,,,,,,,,,,,,,,,,,,,,,,,,
IVI_ATTR_SPECIFIC_DRIVER_LOCATOR,1050303,ViString,,,,,,,,,,,,,,,,,,,,,,,,,,,,,,,,,,,,,,,,,,,,,,,,,
IVI_ATTR_IO_RESOURCE_DESCRIPTOR,1050304,ViString,,,,,,,,,,,,,,,,,,,,,,,,,,,,,,,,,,,,,,,,,,,,,,,,,
IVI_ATTR_LOGICAL_NAME,1050305,ViString,,,,,,,,,,,,,,,,,,,,,,,,,,,,,,,,,,,,,,,,,,,,,,,,,
IVI_ATTR_VISA_RM_SESSION,1050321,ViSession,,,,,,,,,,,,,,,,,,,,,,,,,,,,,,,,,,,,,,,,,,,,,,,,,
IVI_ATTR_SYSTEM_IO_SESSION,1050322,ViSession,,,,,,,,,,,,,,,,,,,,,,,,,,,,,,,,,,,,,,,,,,,,,,,,,
IVI_ATTR_IO_SESSION_TYPE,1050324,ViString,,,,,,,,,,,,,,,,,,,,,,,,,,,,,,,,,,,,,,,,,,,,,,,,,
IVI_ATTR_SYSTEM_IO_TIMEOUT,1050325,ViInt32,,,,,,,,,,,,,,,,,,,,,,,,,,,,,,,,,,,,,,,,,,,,,,,,,
IVI_ATTR_SUPPORTED_INSTRUMENT_MODELS,1050327,ViString,,,,,,,,,,,,,,,,,,,,,,,,,,,,,,,,,,,,,,,,,,,,,,,,,
IVI_ATTR_GROUP_CAPABILITIES,1050401,ViString,,,,,,,,,,,,,,,,,,,,,,,,,,,,,,,,,,,,,,,,,,,,,,,,,
IVI_ATTR_FUNCTION_CAPABILITIES,1050402,ViString,,,,,,,,,,,,,,,,,,,,,,,,,,,,,,,,,,,,,,,,,,,,,,,,,
IVI_ATTR_ENGINE_MAJOR_VERSION,1050501,ViInt32,,,,,,,,,,,,,,,,,,,,,,,,,,,,,,,,,,,,,,,,,,,,,,,,,
IVI_ATTR_ENGINE_MINOR_VERSION,1050502,ViInt32,,,,,,,,,,,,,,,,,,,,,,,,,,,,,,,,,,,,,,,,,,,,,,,,,
IVI_ATTR_SPECIFIC_DRIVER_MAJOR_VERSION,1050503,ViInt32,,,,,,,,,,,,,,,,,,,,,,,,,,,,,,,,,,,,,,,,,,,,,,,,,
IVI_ATTR_SPECIFIC_DRIVER_MINOR_VERSION,1050504,ViInt32,,,,,,,,,,,,,,,,,,,,,,,,,,,,,,,,,,,,,,,,,,,,,,,,,
IVI_ATTR_CLASS_DRIVER_MAJOR_VERSION,1050505,ViInt32,,,,,,,,,,,,,,,,,,,,,,,,,,,,,,,,,,,,,,,,,,,,,,,,,
IVI_ATTR_CLASS_DRIVER_MINOR_VERSION,1050506,ViInt32,,,,,,,,,,,,,,,,,,,,,,,,,,,,,,,,,,,,,,,,,,,,,,,,,
IVI_ATTR_INSTRUMENT_FIRMWARE_REVISION,1050510,ViString,,,,,,,,,,,,,,,,,,,,,,,,,,,,,,,,,,,,,,,,,,,,,,,,,
IVI_ATTR_INSTRUMENT_MANUFACTURER,1050511,ViString,,,,,,,,,,,,,,,,,,,,,,,,,,,,,,,,,,,,,,,,,,,,,,,,,
IVI_ATTR_INSTRUMENT_MODEL,1050512,ViString,,,,,,,,,,,,,,,,,,,,,,,,,,,,,,,,,,,,,,,,,,,,,,,,,
IVI_ATTR_SPECIFIC_DRIVER_VENDOR,1050513,ViString,,,,,,,,,,,,,,,,,,,,,,,,,,,,,,,,,,,,,,,,,,,,,,,,,
IVI_ATTR_SPECIFIC_DRIVER_DESCRIPTION,1050514,ViString,,,,,,,,,,,,,,,,,,,,,,,,,,,,,,,,,,,,,,,,,,,,,,,,,
IVI_ATTR_SPECIFIC_DRIVER_CLASS_SPEC_MAJOR_VERSION,1050515,ViInt32,,,,,,,,,,,,,,,,,,,,,,,,,,,,,,,,,,,,,,,,,,,,,,,,,
IVI_ATTR_SPECIFIC_DRIVER_CLASS_SPEC_MINOR_VERSION,1050516,ViInt32,,,,,,,,,,,,,,,,,,,,,,,,,,,,,,,,,,,,,,,,,,,,,,,,,
IVI_ATTR_CLASS_DRIVER_VENDOR,1050517,ViString,,,,,,,,,,,,,,,,,,,,,,,,,,,,,,,,,,,,,,,,,,,,,,,,,
IVI_ATTR_CLASS_DRIVER_DESCRIPTION,1050518,ViString,,,,,,,,,,,,,,,,,,,,,,,,,,,,,,,,,,,,,,,,,,,,,,,,,
IVI_ATTR_CLASS_DRIVER_CLASS_SPEC_MAJOR_VERSION,1050519,ViInt32,,,,,,,,,,,,,,,,,,,,,,,,,,,,,,,,,,,,,,,,,,,,,,,,,
IVI_ATTR_CLASS_DRIVER_CLASS_SPEC_MINOR_VERSION,1050520,ViInt32,,,,,,,,,,,,,,,,,,,,,,,,,,,,,,,,,,,,,,,,,,,,,,,,,
IVI_ATTR_SPECIFIC_DRIVER_REVISION,1050551,ViString,,,,,,,,,,,,,,,,,,,,,,,,,,,,,,,,,,,,,,,,,,,,,,,,,
IVI_ATTR_CLASS_DRIVER_REVISION,1050552,ViString,,,,,,,,,,,,,,,,,,,,,,,,,,,,,,,,,,,,,,,,,,,,,,,,,
IVI_ATTR_ENGINE_REVISION,1050553,ViString,,,,,,,,,,,,,,,,,,,,,,,,,,,,,,,,,,,,,,,,,,,,,,,,,
IVI_ATTR_OPC_CALLBACK,1050602,ViAddr,,,,,,,,,,,,,,,,,,,,,,,,,,,,,,,,,,,,,,,,,,,,,,,,,
IVI_ATTR_CHECK_STATUS_CALLBACK,1050603,ViAddr,,,,,,,,,,,,,,,,,,,,,,,,,,,,,,,,,,,,,,,,,,,,,,,,,
IVI_ATTR_USER_INTERCHANGE_CHECK_CALLBACK,1050801,ViAddr,,,,,,,,,,,,,,,,,,,,,,,,,,,,,,,,,,,,,,,,,,,,,,,,,
IVI_ATTR_DEFER_UPDATE,1050051,ViBoolean,,,,,,,,,,,,,,,,,,,,,,,,,,,,,,,,,,,,,,,,,,,,,,,,,
IVI_ATTR_RETURN_DEFERRED_VALUES,1050052,ViBoolean,,,,,,,,,,,,,,,,,,,,,,,,,,,,,,,,,,,,,,,,,,,,,,,,,
IVI_ATTR_BUFFERED_IO_CALLBACK,1050601,ViAddr,,,,,,,,,,,,,,,,,,,,,,,,,,,,,,,,,,,,,,,,,,,,,,,,,
IVI_ATTR_SUPPORTS_WR_BUF_OPER_MODE,1050704,ViBoolean,,,,,,,,,,,,,,,,,,,,,,,,,,,,,,,,,,,,,,,,,,,,,,,,,
IVI_ATTR_UPDATING_VALUES,1050708,ViBoolean,,,,,,,,,,,,,,,,,,,,,,,,,,,,,,,,,,,,,,,,,,,,,,,,,
IVI_VAL_CHECK_READ_ONLY_ATTR_NEVER_SET,2,None,,,,,,,,,,,,,,,,,,,,,,,,,,,,,,,,,,,,,,,,,,,,,,,,,
IVI_ATTR_CLASS_PREFIX,1050301,ViString,,,,,,,,,,,,,,,,,,,,,,,,,,,,,,,,,,,,,,,,,,,,,,,,,
IVI_ATTR_SPECIFIC_PREFIX,1050302,ViString,,,,,,,,,,,,,,,,,,,,,,,,,,,,,,,,,,,,,,,,,,,,,,,,,
IVI_ATTR_MODULE_PATHNAME,1050303,ViString,,,,,,,,,,,,,,,,,,,,,,,,,,,,,,,,,,,,,,,,,,,,,,,,,
IVI_ATTR_DRIVER_MAJOR_VERSION,1050503,ViInt32,,,,,,,,,,,,,,,,,,,,,,,,,,,,,,,,,,,,,,,,,,,,,,,,,
IVI_ATTR_DRIVER_MINOR_VERSION,1050504,ViInt32,,,,,,,,,,,,,,,,,,,,,,,,,,,,,,,,,,,,,,,,,,,,,,,,,
IVI_ATTR_CLASS_MAJOR_VERSION,1050505,ViInt32,,,,,,,,,,,,,,,,,,,,,,,,,,,,,,,,,,,,,,,,,,,,,,,,,
IVI_ATTR_CLASS_MINOR_VERSION,1050506,ViInt32,,,,,,,,,,,,,,,,,,,,,,,,,,,,,,,,,,,,,,,,,,,,,,,,,
IVI_ATTR_DRIVER_REVISION,1050551,ViString,,,,,,,,,,,,,,,,,,,,,,,,,,,,,,,,,,,,,,,,,,,,,,,,,
IVI_ATTR_CLASS_REVISION,1050552,ViString,,,,,,,,,,,,,,,,,,,,,,,,,,,,,,,,,,,,,,,,,,,,,,,,,
IVI_ATTR_FIRMWARE_REVISION,1050510,ViString,,,,,,,,,,,,,,,,,,,,,,,,,,,,,,,,,,,,,,,,,,,,,,,,,
IVI_ATTR_SUPPORTED_CLASSES,1050323,ViString,,,,,,,,,,,,,,,,,,,,,,,,,,,,,,,,,,,,,,,,,,,,,,,,,
IVI_ATTR_NUM_CHANNELS,1050203,ViInt32,,,,,,,,,,,,,,,,,,,,,,,,,,,,,,,,,,,,,,,,,,,,,,,,,
IVI_ATTR_QUERY_INSTR_STATUS,1050003,None,,,,,,,,,,,,,,,,,,,,,,,,,,,,,,,,,,,,,,,,,,,,,,,,,
IVI_ATTR_RESOURCE_DESCRIPTOR,1050304,None,,,,,,,,,,,,,,,,,,,,,,,,,,,,,,,,,,,,,,,,,,,,,,,,,
IVI_ATTR_IO_SESSION,1050322,None,,,,,,,,,,,,,,,,,,,,,,,,,,,,,,,,,,,,,,,,,,,,,,,,,
IVI_ATTR_ATTRIBUTE_CAPABILITIES,1050403,ViString,,,,,,,,,,,,,,,,,,,,,,,,,,,,,,,,,,,,,,,,,,,,,,,,,
IVIRFSIGGEN_ATTR_CACHE,1050004,ViBoolean,,,,,,,,,,,,,,,,,,,,,,,,,,,,,,,,,,,,,,,,,,,,,,,,,
IVIRFSIGGEN_ATTR_RANGE_CHECK,1050002,ViBoolean,,,,,,,,,,,,,,,,,,,,,,,,,,,,,,,,,,,,,,,,,,,,,,,,,
IVIRFSIGGEN_ATTR_QUERY_INSTRUMENT_STATUS,1050003,ViBoolean,,,,,,,,,,,,,,,,,,,,,,,,,,,,,,,,,,,,,,,,,,,,,,,,,
IVIRFSIGGEN_ATTR_RECORD_COERCIONS,1050006,ViBoolean,,,,,,,,,,,,,,,,,,,,,,,,,,,,,,,,,,,,,,,,,,,,,,,,,
IVIRFSIGGEN_ATTR_SIMULATE,1050005,ViBoolean,,,,,,,,,,,,,,,,,,,,,,,,,,,,,,,,,,,,,,,,,,,,,,,,,
IVIRFSIGGEN_ATTR_INTERCHANGE_CHECK,1050021,ViBoolean,,,,,,,,,,,,,,,,,,,,,,,,,,,,,,,,,,,,,,,,,,,,,,,,,
IVIRFSIGGEN_ATTR_SPY,1050022,ViBoolean,,,,,,,,,,,,,,,,,,,,,,,,,,,,,,,,,,,,,,,,,,,,,,,,,
IVIRFSIGGEN_ATTR_USE_SPECIFIC_SIMULATION,1050023,ViBoolean,,,,,,,,,,,,,,,,,,,,,,,,,,,,,,,,,,,,,,,,,,,,,,,,,
IVIRFSIGGEN_ATTR_CHANNEL_COUNT,1050203,ViInt32,,,,,,,,,,,,,,,,,,,,,,,,,,,,,,,,,,,,,,,,,,,,,,,,,
IVIRFSIGGEN_ATTR_GROUP_CAPABILITIES,1050401,ViString,,,,,,,,,,,,,,,,,,,,,,,,,,,,,,,,,,,,,,,,,,,,,,,,,
IVIRFSIGGEN_ATTR_FUNCTION_CAPABILITIES,1050402,ViString,,,,,,,,,,,,,,,,,,,,,,,,,,,,,,,,,,,,,,,,,,,,,,,,,
IVIRFSIGGEN_ATTR_CLASS_DRIVER_PREFIX,1050301,ViString,,,,,,,,,,,,,,,,,,,,,,,,,,,,,,,,,,,,,,,,,,,,,,,,,
IVIRFSIGGEN_ATTR_CLASS_DRIVER_VENDOR,1050517,ViString,,,,,,,,,,,,,,,,,,,,,,,,,,,,,,,,,,,,,,,,,,,,,,,,,
IVIRFSIGGEN_ATTR_CLASS_DRIVER_DESCRIPTION,1050518,ViString,,,,,,,,,,,,,,,,,,,,,,,,,,,,,,,,,,,,,,,,,,,,,,,,,
IVIRFSIGGEN_ATTR_CLASS_DRIVER_CLASS_SPEC_MAJOR_VERSION,1050519,ViInt32,,,,,,,,,,,,,,,,,,,,,,,,,,,,,,,,,,,,,,,,,,,,,,,,,
IVIRFSIGGEN_ATTR_CLASS_DRIVER_CLASS_SPEC_MINOR_VERSION,1050520,ViInt32,,,,,,,,,,,,,,,,,,,,,,,,,,,,,,,,,,,,,,,,,,,,,,,,,
IVIRFSIGGEN_ATTR_SPECIFIC_DRIVER_PREFIX,1050302,ViString,,,,,,,,,,,,,,,,,,,,,,,,,,,,,,,,,,,,,,,,,,,,,,,,,
IVIRFSIGGEN_ATTR_SPECIFIC_DRIVER_LOCATOR,1050303,ViString,,,,,,,,,,,,,,,,,,,,,,,,,,,,,,,,,,,,,,,,,,,,,,,,,
IVIRFSIGGEN_ATTR_IO_RESOURCE_DESCRIPTOR,1050304,ViString,,,,,,,,,,,,,,,,,,,,,,,,,,,,,,,,,,,,,,,,,,,,,,,,,
IVIRFSIGGEN_ATTR_LOGICAL_NAME,1050305,ViString,,,,,,,,,,,,,,,,,,,,,,,,,,,,,,,,,,,,,,,,,,,,,,,,,
IVIRFSIGGEN_ATTR_SPECIFIC_DRIVER_VENDOR,1050513,ViString,,,,,,,,,,,,,,,,,,,,,,,,,,,,,,,,,,,,,,,,,,,,,,,,,
IVIRFSIGGEN_ATTR_SPECIFIC_DRIVER_DESCRIPTION,1050514,ViString,,,,,,,,,,,,,,,,,,,,,,,,,,,,,,,,,,,,,,,,,,,,,,,,,
IVIRFSIGGEN_ATTR_SPECIFIC_DRIVER_CLASS_SPEC_MAJOR_VERSION,1050515,ViInt32,,,,,,,,,,,,,,,,,,,,,,,,,,,,,,,,,,,,,,,,,,,,,,,,,
IVIRFSIGGEN_ATTR_SPECIFIC_DRIVER_CLASS_SPEC_MINOR_VERSION,1050516,ViInt32,,,,,,,,,,,,,,,,,,,,,,,,,,,,,,,,,,,,,,,,,,,,,,,,,
IVIRFSIGGEN_ATTR_INSTRUMENT_FIRMWARE_REVISION,1050510,ViString,,,,,,,,,,,,,,,,,,,,,,,,,,,,,,,,,,,,,,,,,,,,,,,,,
IVIRFSIGGEN_ATTR_INSTRUMENT_MANUFACTURER,1050511,ViString,,,,,,,,,,,,,,,,,,,,,,,,,,,,,,,,,,,,,,,,,,,,,,,,,
IVIRFSIGGEN_ATTR_INSTRUMENT_MODEL,1050512,ViString,,,,,,,,,,,,,,,,,,,,,,,,,,,,,,,,,,,,,,,,,,,,,,,,,
IVIRFSIGGEN_ATTR_SUPPORTED_INSTRUMENT_MODELS,1050327,ViString,,,,,,,,,,,,,,,,,,,,,,,,,,,,,,,,,,,,,,,,,,,,,,,,,
IVIRFSIGGEN_ATTR_CLASS_DRIVER_REVISION,1050552,ViString,,,,,,,,,,,,,,,,,,,,,,,,,,,,,,,,,,,,,,,,,,,,,,,,,
IVIRFSIGGEN_ATTR_SPECIFIC_DRIVER_REVISION,1050551,ViString,,,,,,,,,,,,,,,,,,,,,,,,,,,,,,,,,,,,,,,,,,,,,,,,,
IVIRFSIGGEN_ATTR_DRIVER_SETUP,1050007,ViString,,,,,,,,,,,,,,,,,,,,,,,,,,,,,,,,,,,,,,,,,,,,,,,,,
IVIRFSIGGEN_ATTR_FREQUENCY,1250001,ViReal64,,,,,,,,,,,,,,,,,,,,,,,,,,,,,,,,,,,,,,,,,,,,,,,,,
IVIRFSIGGEN_ATTR_POWER_LEVEL,1250002,ViReal64,,,,,,,,,,,,,,,,,,,,,,,,,,,,,,,,,,,,,,,,,,,,,,,,,
IVIRFSIGGEN_ATTR_ALC_ENABLED,1250003,ViBoolean,,,,,,,,,,,,,,,,,,,,,,,,,,,,,,,,,,,,,,,,,,,,,,,,,
IVIRFSIGGEN_ATTR_OUTPUT_ENABLED,1250004,ViBoolean,,,,,,,,,,,,,,,,,,,,,,,,,,,,,,,,,,,,,,,,,,,,,,,,,
IVIRFSIGGEN_ATTR_AM_ENABLED,1250011,ViBoolean,,,,,,,,,,,,,,,,,,,,,,,,,,,,,,,,,,,,,,,,,,,,,,,,,
IVIRFSIGGEN_ATTR_AM_SOURCE,1250012,ViString,,,,,,,,,,,,,,,,,,,,,,,,,,,,,,,,,,,,,,,,,,,,,,,,,
IVIRFSIGGEN_ATTR_AM_SCALING,1250013,ViInt32,,,,,,,,,,,,,,,,,,,,,,,,,,,,,,,,,,,,,,,,,,,,,,,,,
IVIRFSIGGEN_ATTR_AM_EXTERNAL_COUPLING,1250014,ViInt32,,,,,,,,,,,,,,,,,,,,,,,,,,,,,,,,,,,,,,,,,,,,,,,,,
IVIRFSIGGEN_ATTR_AM_NOMINAL_VOLTAGE,1250015,ViReal64,,,,,,,,,,,,,,,,,,,,,,,,,,,,,,,,,,,,,,,,,,,,,,,,,
IVIRFSIGGEN_ATTR_AM_DEPTH,1250016,ViReal64,,,,,,,,,,,,,,,,,,,,,,,,,,,,,,,,,,,,,,,,,,,,,,,,,
IVIRFSIGGEN_ATTR_FM_ENABLED,1250021,ViBoolean,,,,,,,,,,,,,,,,,,,,,,,,,,,,,,,,,,,,,,,,,,,,,,,,,
IVIRFSIGGEN_ATTR_FM_SOURCE,1250022,ViString,,,,,,,,,,,,,,,,,,,,,,,,,,,,,,,,,,,,,,,,,,,,,,,,,
IVIRFSIGGEN_ATTR_FM_EXTERNAL_COUPLING,1250023,ViInt32,,,,,,,,,,,,,,,,,,,,,,,,,,,,,,,,,,,,,,,,,,,,,,,,,
IVIRFSIGGEN_ATTR_FM_NOMINAL_VOLTAGE,1250024,ViReal64,,,,,,,,,,,,,,,,,,,,,,,,,,,,,,,,,,,,,,,,,,,,,,,,,
IVIRFSIGGEN_ATTR_FM_DEVIATION,1250025,ViReal64,,,,,,,,,,,,,,,,,,,,,,,,,,,,,,,,,,,,,,,,,,,,,,,,,
IVIRFSIGGEN_ATTR_PM_ENABLED,1250031,ViBoolean,,,,,,,,,,,,,,,,,,,,,,,,,,,,,,,,,,,,,,,,,,,,,,,,,
IVIRFSIGGEN_ATTR_PM_SOURCE,1250032,ViString,,,,,,,,,,,,,,,,,,,,,,,,,,,,,,,,,,,,,,,,,,,,,,,,,
IVIRFSIGGEN_ATTR_PM_EXTERNAL_COUPLING,1250033,ViInt32,,,,,,,,,,,,,,,,,,,,,,,,,,,,,,,,,,,,,,,,,,,,,,,,,
IVIRFSIGGEN_ATTR_PM_NOMINAL_VOLTAGE,1250034,ViReal64,,,,,,,,,,,,,,,,,,,,,,,,,,,,,,,,,,,,,,,,,,,,,,,,,
IVIRFSIGGEN_ATTR_PM_DEVIATION,1250035,ViReal64,,,,,,,,,,,,,,,,,,,,,,,,,,,,,,,,,,,,,,,,,,,,,,,,,
IVIRFSIGGEN_ATTR_ANALOG_MODULATION_SOURCE_COUNT,1250041,ViInt32,,,,,,,,,,,,,,,,,,,,,,,,,,,,,,,,,,,,,,,,,,,,,,,,,
IVIRFSIGGEN_ATTR_PULSE_MODULATION_ENABLED,1250051,ViBoolean,,,,,,,,,,,,,,,,,,,,,,,,,,,,,,,,,,,,,,,,,,,,,,,,,
IVIRFSIGGEN_ATTR_PULSE_MODULATION_SOURCE,1250052,ViInt32,,,,,,,,,,,,,,,,,,,,,,,,,,,,,,,,,,,,,,,,,,,,,,,,,
IVIRFSIGGEN_ATTR_PULSE_MODULATION_EXTERNAL_POLARITY,1250053,ViInt32,,,,,,,,,,,,,,,,,,,,,,,,,,,,,,,,,,,,,,,,,,,,,,,,,
IVIRFSIGGEN_ATTR_ACTIVE_LF_GENERATOR,1250101,ViString,,,,,,,,,,,,,,,,,,,,,,,,,,,,,,,,,,,,,,,,,,,,,,,,,
IVIRFSIGGEN_ATTR_LF_GENERATOR_COUNT,1250104,ViInt32,,,,,,,,,,,,,,,,,,,,,,,,,,,,,,,,,,,,,,,,,,,,,,,,,
IVIRFSIGGEN_ATTR_LF_GENERATOR_FREQUENCY,1250102,ViReal64,,,,,,,,,,,,,,,,,,,,,,,,,,,,,,,,,,,,,,,,,,,,,,,,,
IVIRFSIGGEN_ATTR_LF_GENERATOR_WAVEFORM,1250103,ViInt32,,,,,,,,,,,,,,,,,,,,,,,,,,,,,,,,,,,,,,,,,,,,,,,,,
IVIRFSIGGEN_ATTR_LF_GENERATOR_OUTPUT_AMPLITUDE,1250111,ViReal64,,,,,,,,,,,,,,,,,,,,,,,,,,,,,,,,,,,,,,,,,,,,,,,,,
IVIRFSIGGEN_ATTR_LF_GENERATOR_OUTPUT_ENABLED,1250112,ViBoolean,,,,,,,,,,,,,,,,,,,,,,,,,,,,,,,,,,,,,,,,,,,,,,,,,
IVIRFSIGGEN_ATTR_PULSE_INTERNAL_TRIGGER_PERIOD,1250121,ViReal64,,,,,,,,,,,,,,,,,,,,,,,,,,,,,,,,,,,,,,,,,,,,,,,,,
IVIRFSIGGEN_ATTR_PULSE_WIDTH,1250122,ViReal64,,,,,,,,,,,,,,,,,,,,,,,,,,,,,,,,,,,,,,,,,,,,,,,,,
IVIRFSIGGEN_ATTR_PULSE_GATING_ENABLED,1250123,ViBoolean,,,,,,,,,,,,,,,,,,,,,,,,,,,,,,,,,,,,,,,,,,,,,,,,,
IVIRFSIGGEN_ATTR_PULSE_TRIGGER_SOURCE,1250124,ViInt32,,,,,,,,,,,,,,,,,,,,,,,,,,,,,,,,,,,,,,,,,,,,,,,,,
IVIRFSIGGEN_ATTR_PULSE_EXTERNAL_TRIGGER_SLOPE,1250125,ViInt32,,,,,,,,,,,,,,,,,,,,,,,,,,,,,,,,,,,,,,,,,,,,,,,,,
IVIRFSIGGEN_ATTR_PULSE_EXTERNAL_TRIGGER_DELAY,1250126,ViReal64,,,,,,,,,,,,,,,,,,,,,,,,,,,,,,,,,,,,,,,,,,,,,,,,,
IVIRFSIGGEN_ATTR_PULSE_DOUBLE_ENABLED,1250131,ViBoolean,,,,,,,,,,,,,,,,,,,,,,,,,,,,,,,,,,,,,,,,,,,,,,,,,
IVIRFSIGGEN_ATTR_PULSE_DOUBLE_DELAY,1250132,ViReal64,,,,,,,,,,,,,,,,,,,,,,,,,,,,,,,,,,,,,,,,,,,,,,,,,
IVIRFSIGGEN_ATTR_PULSE_OUTPUT_POLARITY,1250141,ViInt32,,,,,,,,,,,,,,,,,,,,,,,,,,,,,,,,,,,,,,,,,,,,,,,,,
IVIRFSIGGEN_ATTR_PULSE_OUTPUT_ENABLED,1250142,ViBoolean,,,,,,,,,,,,,,,,,,,,,,,,,,,,,,,,,,,,,,,,,,,,,,,,,
IVIRFSIGGEN_ATTR_SWEEP_MODE,1250201,ViInt32,,,,,,,,,,,,,,,,,,,,,,,,,,,,,,,,,,,,,,,,,,,,,,,,,
IVIRFSIGGEN_ATTR_SWEEP_TRIGGER_SOURCE,1250202,ViInt32,,,,,,,,,,,,,,,,,,,,,,,,,,,,,,,,,,,,,,,,,,,,,,,,,
IVIRFSIGGEN_ATTR_FREQUENCY_SWEEP_START,1250211,ViReal64,,,,,,,,,,,,,,,,,,,,,,,,,,,,,,,,,,,,,,,,,,,,,,,,,
IVIRFSIGGEN_ATTR_FREQUENCY_SWEEP_STOP,1250212,ViReal64,,,,,,,,,,,,,,,,,,,,,,,,,,,,,,,,,,,,,,,,,,,,,,,,,
IVIRFSIGGEN_ATTR_FREQUENCY_SWEEP_TIME,1250213,ViReal64,,,,,,,,,,,,,,,,,,,,,,,,,,,,,,,,,,,,,,,,,,,,,,,,,
IVIRFSIGGEN_ATTR_POWER_SWEEP_START,1250221,ViReal64,,,,,,,,,,,,,,,,,,,,,,,,,,,,,,,,,,,,,,,,,,,,,,,,,
IVIRFSIGGEN_ATTR_POWER_SWEEP_STOP,1250222,ViReal64,,,,,,,,,,,,,,,,,,,,,,,,,,,,,,,,,,,,,,,,,,,,,,,,,
IVIRFSIGGEN_ATTR_POWER_SWEEP_TIME,1250223,ViReal64,,,,,,,,,,,,,,,,,,,,,,,,,,,,,,,,,,,,,,,,,,,,,,,,,
IVIRFSIGGEN_ATTR_FREQUENCY_STEP_START,1250241,ViReal64,,,,,,,,,,,,,,,,,,,,,,,,,,,,,,,,,,,,,,,,,,,,,,,,,
IVIRFSIGGEN_ATTR_FREQUENCY_STEP_STOP,1250242,ViReal64,,,,,,,,,,,,,,,,,,,,,,,,,,,,,,,,,,,,,,,,,,,,,,,,,
IVIRFSIGGEN_ATTR_FREQUENCY_STEP_SCALING,1250243,ViInt32,,,,,,,,,,,,,,,,,,,,,,,,,,,,,,,,,,,,,,,,,,,,,,,,,
IVIRFSIGGEN_ATTR_FREQUENCY_STEP_SIZE,1250244,ViReal64,,,,,,,,,,,,,,,,,,,,,,,,,,,,,,,,,,,,,,,,,,,,,,,,,
IVIRFSIGGEN_ATTR_FREQUENCY_STEP_SINGLE_STEP_ENABLED,1250245,ViBoolean,,,,,,,,,,,,,,,,,,,,,,,,,,,,,,,,,,,,,,,,,,,,,,,,,
IVIRFSIGGEN_ATTR_FREQUENCY_STEP_DWELL,1250246,ViReal64,,,,,,,,,,,,,,,,,,,,,,,,,,,,,,,,,,,,,,,,,,,,,,,,,
IVIRFSIGGEN_ATTR_POWER_STEP_START,1250261,ViReal64,,,,,,,,,,,,,,,,,,,,,,,,,,,,,,,,,,,,,,,,,,,,,,,,,
IVIRFSIGGEN_ATTR_POWER_STEP_STOP,1250262,ViReal64,,,,,,,,,,,,,,,,,,,,,,,,,,,,,,,,,,,,,,,,,,,,,,,,,
IVIRFSIGGEN_ATTR_POWER_STEP_SIZE,1250263,ViReal64,,,,,,,,,,,,,,,,,,,,,,,,,,,,,,,,,,,,,,,,,,,,,,,,,
IVIRFSIGGEN_ATTR_POWER_STEP_SINGLE_STEP_ENABLED,1250264,ViBoolean,,,,,,,,,,,,,,,,,,,,,,,,,,,,,,,,,,,,,,,,,,,,,,,,,
IVIRFSIGGEN_ATTR_POWER_STEP_DWELL,1250265,ViReal64,,,,,,,,,,,,,,,,,,,,,,,,,,,,,,,,,,,,,,,,,,,,,,,,,
IVIRFSIGGEN_ATTR_LIST_SELECTED_NAME,1250281,ViString,,,,,,,,,,,,,,,,,,,,,,,,,,,,,,,,,,,,,,,,,,,,,,,,,
IVIRFSIGGEN_ATTR_LIST_SINGLE_STEP_ENABLED,1250282,ViBoolean,,,,,,,,,,,,,,,,,,,,,,,,,,,,,,,,,,,,,,,,,,,,,,,,,
IVIRFSIGGEN_ATTR_LIST_DWELL,1250283,ViReal64,,,,,,,,,,,,,,,,,,,,,,,,,,,,,,,,,,,,,,,,,,,,,,,,,
IVIRFSIGGEN_ATTR_ALC_SOURCE,1250301,ViInt32,,,,,,,,,,,,,,,,,,,,,,,,,,,,,,,,,,,,,,,,,,,,,,,,,
IVIRFSIGGEN_ATTR_ALC_BANDWIDTH,1250302,ViReal64,,,,,,,,,,,,,,,,,,,,,,,,,,,,,,,,,,,,,,,,,,,,,,,,,
IVIRFSIGGEN_ATTR_REFERENCE_OSCILLATOR_SOURCE,1250321,ViInt32,,,,,,,,,,,,,,,,,,,,,,,,,,,,,,,,,,,,,,,,,,,,,,,,,
IVIRFSIGGEN_ATTR_REFERENCE_OSCILLATOR_EXTERNAL_FREQUENCY,1250322,ViReal64,,,,,,,,,,,,,,,,,,,,,,,,,,,,,,,,,,,,,,,,,,,,,,,,,
IVIRFSIGGEN_ATTR_IQ_ENABLED,1250401,ViBoolean,,,,,,,,,,,,,,,,,,,,,,,,,,,,,,,,,,,,,,,,,,,,,,,,,
IVIRFSIGGEN_ATTR_IQ_NOMINAL_VOLTAGE,1250402,ViReal64,,,,,,,,,,,,,,,,,,,,,,,,,,,,,,,,,,,,,,,,,,,,,,,,,
IVIRFSIGGEN_ATTR_IQ_SOURCE,1250403,ViInt32,,,,,,,,,,,,,,,,,,,,,,,,,,,,,,,,,,,,,,,,,,,,,,,,,
IVIRFSIGGEN_ATTR_IQ_SWAP_ENABLED,1250404,ViBoolean,,,,,,,,,,,,,,,,,,,,,,,,,,,,,,,,,,,,,,,,,,,,,,,,,
IVIRFSIGGEN_ATTR_IQ_IMPAIRMENT_ENABLED,1250421,ViBoolean,,,,,,,,,,,,,,,,,,,,,,,,,,,,,,,,,,,,,,,,,,,,,,,,,
IVIRFSIGGEN_ATTR_IQ_I_OFFSET,1250422,ViReal64,,,,,,,,,,,,,,,,,,,,,,,,,,,,,,,,,,,,,,,,,,,,,,,,,
IVIRFSIGGEN_ATTR_IQ_Q_OFFSET,1250423,ViReal64,,,,,,,,,,,,,,,,,,,,,,,,,,,,,,,,,,,,,,,,,,,,,,,,,
IVIRFSIGGEN_ATTR_IQ_RATIO,1250424,ViReal64,,,,,,,,,,,,,,,,,,,,,,,,,,,,,,,,,,,,,,,,,,,,,,,,,
IVIRFSIGGEN_ATTR_IQ_SKEW,1250425,ViReal64,,,,,,,,,,,,,,,,,,,,,,,,,,,,,,,,,,,,,,,,,,,,,,,,,
IVIRFSIGGEN_ATTR_ARB_SELECTED_WAVEFORM,1250451,ViString,,,,,,,,,,,,,,,,,,,,,,,,,,,,,,,,,,,,,,,,,,,,,,,,,
IVIRFSIGGEN_ATTR_ARB_CLOCK_FREQUENCY,1250452,ViReal64,,,,,,,,,,,,,,,,,,,,,,,,,,,,,,,,,,,,,,,,,,,,,,,,,
IVIRFSIGGEN_ATTR_ARB_FILTER_FREQUENCY,1250453,ViReal64,,,,,,,,,,,,,,,,,,,,,,,,,,,,,,,,,,,,,,,,,,,,,,,,,
IVIRFSIGGEN_ATTR_ARB_MAX_NUMBER_WAVEFORMS,1250454,ViInt32,,,,,,,,,,,,,,,,,,,,,,,,,,,,,,,,,,,,,,,,,,,,,,,,,
IVIRFSIGGEN_ATTR_ARB_WAVEFORM_QUANTUM,1250455,ViInt32,,,,,,,,,,,,,,,,,,,,,,,,,,,,,,,,,,,,,,,,,,,,,,,,,
IVIRFSIGGEN_ATTR_ARB_WAVEFORM_SIZE_MIN,1250456,ViInt32,,,,,,,,,,,,,,,,,,,,,,,,,,,,,,,,,,,,,,,,,,,,,,,,,
IVIRFSIGGEN_ATTR_ARB_WAVEFORM_SIZE_MAX,1250457,ViInt32,,,,,,,,,,,,,,,,,,,,,,,,,,,,,,,,,,,,,,,,,,,,,,,,,
IVIRFSIGGEN_ATTR_ARB_TRIGGER_SOURCE,1250458,ViInt32,,,,,,,,,,,,,,,,,,,,,,,,,,,,,,,,,,,,,,,,,,,,,,,,,
IVIRFSIGGEN_ATTR_ARB_EXTERNAL_TRIGGER_SLOPE,1250459,ViInt32,,,,,,,,,,,,,,,,,,,,,,,,,,,,,,,,,,,,,,,,,,,,,,,,,
IVIRFSIGGEN_ATTR_DIGITAL_MODULATION_BASE_STANDARD_COUNT,1250501,ViInt32,,,,,,,,,,,,,,,,,,,,,,,,,,,,,,,,,,,,,,,,,,,,,,,,,
IVIRFSIGGEN_ATTR_DIGITAL_MODULATION_BASE_SELECTED_STANDARD,1250502,ViString,,,,,,,,,,,,,,,,,,,,,,,,,,,,,,,,,,,,,,,,,,,,,,,,,
IVIRFSIGGEN_ATTR_DIGITAL_MODULATION_BASE_DATA_SOURCE,1250503,ViInt32,,,,,,,,,,,,,,,,,,,,,,,,,,,,,,,,,,,,,,,,,,,,,,,,,
IVIRFSIGGEN_ATTR_DIGITAL_MODULATION_BASE_PRBS_TYPE,1250504,ViInt32,,,,,,,,,,,,,,,,,,,,,,,,,,,,,,,,,,,,,,,,,,,,,,,,,
IVIRFSIGGEN_ATTR_DIGITAL_MODULATION_BASE_SELECTED_BIT_SEQUENCE,1250505,ViString,,,,,,,,,,,,,,,,,,,,,,,,,,,,,,,,,,,,,,,,,,,,,,,,,
IVIRFSIGGEN_ATTR_DIGITAL_MODULATION_BASE_CLOCK_SOURCE,1250506,ViInt32,,,,,,,,,,,,,,,,,,,,,,,,,,,,,,,,,,,,,,,,,,,,,,,,,
IVIRFSIGGEN_ATTR_DIGITAL_MODULATION_BASE_EXTERNAL_CLOCK_TYPE,1250507,ViInt32,,,,,,,,,,,,,,,,,,,,,,,,,,,,,,,,,,,,,,,,,,,,,,,,,
IVIRFSIGGEN_ATTR_CDMA_STANDARD_COUNT,1250601,ViInt32,,,,,,,,,,,,,,,,,,,,,,,,,,,,,,,,,,,,,,,,,,,,,,,,,
IVIRFSIGGEN_ATTR_CDMA_SELECTED_STANDARD,1250602,ViString,,,,,,,,,,,,,,,,,,,,,,,,,,,,,,,,,,,,,,,,,,,,,,,,,
IVIRFSIGGEN_ATTR_CDMA_TRIGGER_SOURCE,1250603,ViInt32,,,,,,,,,,,,,,,,,,,,,,,,,,,,,,,,,,,,,,,,,,,,,,,,,
IVIRFSIGGEN_ATTR_CDMA_EXTERNAL_TRIGGER_SLOPE,1250604,ViInt32,,,,,,,,,,,,,,,,,,,,,,,,,,,,,,,,,,,,,,,,,,,,,,,,,
IVIRFSIGGEN_ATTR_CDMA_TEST_MODEL_COUNT,1250605,ViInt32,,,,,,,,,,,,,,,,,,,,,,,,,,,,,,,,,,,,,,,,,,,,,,,,,
IVIRFSIGGEN_ATTR_CDMA_SELECTED_TEST_MODEL,1250606,ViString,,,,,,,,,,,,,,,,,,,,,,,,,,,,,,,,,,,,,,,,,,,,,,,,,
IVIRFSIGGEN_ATTR_CDMA_CLOCK_SOURCE,1250607,ViInt32,,,,,,,,,,,,,,,,,,,,,,,,,,,,,,,,,,,,,,,,,,,,,,,,,
IVIRFSIGGEN_ATTR_TDMA_STANDARD_COUNT,1250701,ViInt32,,,,,,,,,,,,,,,,,,,,,,,,,,,,,,,,,,,,,,,,,,,,,,,,,
IVIRFSIGGEN_ATTR_TDMA_SELECTED_STANDARD,1250702,ViString,,,,,,,,,,,,,,,,,,,,,,,,,,,,,,,,,,,,,,,,,,,,,,,,,
IVIRFSIGGEN_ATTR_TDMA_TRIGGER_SOURCE,1250703,ViInt32,,,,,,,,,,,,,,,,,,,,,,,,,,,,,,,,,,,,,,,,,,,,,,,,,
IVIRFSIGGEN_ATTR_TDMA_EXTERNAL_TRIGGER_SLOPE,1250704,ViInt32,,,,,,,,,,,,,,,,,,,,,,,,,,,,,,,,,,,,,,,,,,,,,,,,,
IVIRFSIGGEN_ATTR_TDMA_FRAME_COUNT,1250705,ViInt32,,,,,,,,,,,,,,,,,,,,,,,,,,,,,,,,,,,,,,,,,,,,,,,,,
IVIRFSIGGEN_ATTR_TDMA_SELECTED_FRAME,1250706,ViString,,,,,,,,,,,,,,,,,,,,,,,,,,,,,,,,,,,,,,,,,,,,,,,,,
IVIRFSIGGEN_ATTR_TDMA_CLOCK_SOURCE,1250707,ViInt32,,,,,,,,,,,,,,,,,,,,,,,,,,,,,,,,,,,,,,,,,,,,,,,,,
IVIRFSIGGEN_ATTR_TDMA_EXTERNAL_CLOCK_TYPE,1250708,ViInt32,,,,,,,,,,,,,,,,,,,,,,,,,,,,,,,,,,,,,,,,,,,,,,,,,
NIRFSG_ATTR_CACHE,1050004,ViBoolean,,,,,,,,,,,,,,,,,,,,,,,,,,,,,,,,,,,,,,,,,,,,,,,,,
NIRFSG_ATTR_RANGE_CHECK,1050002,ViBoolean,,,,,,,,,,,,,,,,,,,,,,,,,,,,,,,,,,,,,,,,,,,,,,,,,
NIRFSG_ATTR_QUERY_INSTRUMENT_STATUS,1050003,ViBoolean,,,,,,,,,,,,,,,,,,,,,,,,,,,,,,,,,,,,,,,,,,,,,,,,,
NIRFSG_ATTR_RECORD_COERCIONS,1050006,ViBoolean,,,,,,,,,,,,,,,,,,,,,,,,,,,,,,,,,,,,,,,,,,,,,,,,,
NIRFSG_ATTR_SIMULATE,1050005,ViBoolean,,,,,,,,,,,,,,,,,,,,,,,,,,,,,,,,,,,,,,,,,,,,,,,,,
NIRFSG_ATTR_INTERCHANGE_CHECK,1050021,ViBoolean,,,,,,,,,,,,,,,,,,,,,,,,,,,,,,,,,,,,,,,,,,,,,,,,,
NIRFSG_ATTR_SPY,1050022,ViBoolean,,,,,,,,,,,,,,,,,,,,,,,,,,,,,,,,,,,,,,,,,,,,,,,,,
NIRFSG_ATTR_USE_SPECIFIC_SIMULATION,1050023,ViBoolean,,,,,,,,,,,,,,,,,,,,,,,,,,,,,,,,,,,,,,,,,,,,,,,,,
NIRFSG_ATTR_CHANNEL_COUNT,1050203,ViInt32,,,,,,,,,,,,,,,,,,,,,,,,,,,,,,,,,,,,,,,,,,,,,,,,,
NIRFSG_ATTR_GROUP_CAPABILITIES,1050401,ViString,,,,,,,,,,,,,,,,,,,,,,,,,,,,,,,,,,,,,,,,,,,,,,,,,
NIRFSG_ATTR_FUNCTION_CAPABILITIES,1050402,ViString,,,,,,,,,,,,,,,,,,,,,,,,,,,,,,,,,,,,,,,,,,,,,,,,,
NIRFSG_ATTR_SPECIFIC_DRIVER_PREFIX,1050302,ViString,,,,,,,,,,,,,,,,,,,,,,,,,,,,,,,,,,,,,,,,,,,,,,,,,
NIRFSG_ATTR_IO_RESOURCE_DESCRIPTOR,1050304,ViString,,,,,,,,,,,,,,,,,,,,,,,,,,,,,,,,,,,,,,,,,,,,,,,,,
NIRFSG_ATTR_LOGICAL_NAME,1050305,ViString,,,,,,,,,,,,,,,,,,,,,,,,,,,,,,,,,,,,,,,,,,,,,,,,,
NIRFSG_ATTR_SPECIFIC_DRIVER_VENDOR,1050513,ViString,,,,,,,,,,,,,,,,,,,,,,,,,,,,,,,,,,,,,,,,,,,,,,,,,
NIRFSG_ATTR_SPECIFIC_DRIVER_DESCRIPTION,1050514,ViString,,,,,,,,,,,,,,,,,,,,,,,,,,,,,,,,,,,,,,,,,,,,,,,,,
NIRFSG_ATTR_SPECIFIC_DRIVER_CLASS_SPEC_MAJOR_VERSION,1050515,ViInt32,,,,,,,,,,,,,,,,,,,,,,,,,,,,,,,,,,,,,,,,,,,,,,,,,
NIRFSG_ATTR_SPECIFIC_DRIVER_CLASS_SPEC_MINOR_VERSION,1050516,ViInt32,,,,,,,,,,,,,,,,,,,,,,,,,,,,,,,,,,,,,,,,,,,,,,,,,
NIRFSG_ATTR_INSTRUMENT_FIRMWARE_REVISION,1050510,ViString,,,,,,,,,,,,,,,,,,,,,,,,,,,,,,,,,,,,,,,,,,,,,,,,,
NIRFSG_ATTR_INSTRUMENT_MANUFACTURER,1050511,ViString,,,,,,,,,,,,,,,,,,,,,,,,,,,,,,,,,,,,,,,,,,,,,,,,,
NIRFSG_ATTR_INSTRUMENT_MODEL,1050512,ViString,instrument_model,model,1,all,0,,,,,,,,,,,,,,,,,,,,,,,,,,,,,,,,,,,,,,,,,,,,
NIRFSG_ATTR_SUPPORTED_INSTRUMENT_MODELS,1050327,ViString,,,,,,,,,,,,,,,,,,,,,,,,,,,,,,,,,,,,,,,,,,,,,,,,,
NIRFSG_ATTR_SPECIFIC_DRIVER_REVISION,1050551,ViString,,,,,,,,,,,,,,,,,,,,,,,,,,,,,,,,,,,,,,,,,,,,,,,,,
NIRFSG_ATTR_DRIVER_SETUP,1050007,ViString,,,,,,,,,,,,,,,,,,,,,,,,,,,,,,,,,,,,,,,,,,,,,,,,,
NIRFSG_ATTR_FREQUENCY,1250001,ViReal64,rf_frequency,channel,1,all,0,,,,,,,,,,,,,,,,,,,,,,,,,,,,,,,,,,,,,,,,,,,,
NIRFSG_ATTR_POWER_LEVEL,1250002,ViReal64,rf_power,channel,1,all,0,,,,,,,,,,,,,,,,,,,,,,,,,,,,,,,,,,,,,,,,,,,,
NIRFSG_ATTR_OUTPUT_ENABLED,1250004,ViBoolean,output_enabled,channel,1,all,0,,,,,,,,,,,,,,,,,,,,,,,,,,,,,,,,,,,,,,,,,,,,
NIRFSG_ATTR_REF_CLOCK_RATE,1250322,ViReal64,,,,,,,,,,,,,,,,,,,,,,,,,,,,,,,,,,,,,,,,,,,,,,,,,
NIRFSG_ATTR_IQ_NOMINAL_VOLTAGE,1250402,ViReal64,,,,,,,,,,,,,,,,,,,,,,,,,,,,,,,,,,,,,,,,,,,,,,,,,
NIRFSG_ATTR_IQ_SWAP_ENABLED,1250404,ViBoolean,,,,,,,,,,,,,,,,,,,,,,,,,,,,,,,,,,,,,,,,,,,,,,,,,
NIRFSG_ATTR_ARB_SELECTED_WAVEFORM,1250451,ViString,,,,,,,,,,,,,,,,,,,,,,,,,,,,,,,,,,,,,,,,,,,,,,,,,
NIRFSG_ATTR_IQ_RATE,1250452,ViReal64,,,,,,,,,,,,,,,,,,,,,,,,,,,,,,,,,,,,,,,,,,,,,,,,,
NIRFSG_ATTR_ARB_FILTER_FREQUENCY,1250453,ViReal64,,,,,,,,,,,,,,,,,,,,,,,,,,,,,,,,,,,,,,,,,,,,,,,,,
NIRFSG_ATTR_ARB_MAX_NUMBER_WAVEFORMS,1250454,ViInt32,,,,,,,,,,,,,,,,,,,,,,,,,,,,,,,,,,,,,,,,,,,,,,,,,
NIRFSG_ATTR_ARB_WAVEFORM_QUANTUM,1250455,ViInt32,,,,,,,,,,,,,,,,,,,,,,,,,,,,,,,,,,,,,,,,,,,,,,,,,
NIRFSG_ATTR_ARB_WAVEFORM_SIZE_MIN,1250456,ViInt32,,,,,,,,,,,,,,,,,,,,,,,,,,,,,,,,,,,,,,,,,,,,,,,,,
NIRFSG_ATTR_ARB_WAVEFORM_SIZE_MAX,1250457,ViInt32,,,,,,,,,,,,,,,,,,,,,,,,,,,,,,,,,,,,,,,,,,,,,,,,,
NIRFSG_ATTR_START_TRIGGER_TYPE,1250458,ViInt32,type,start_trigger,1,all,3,NIRFSG_VAL_NONE,0,NIRFSG_VAL_DIGITAL_EDGE,1,NIRFSG_VAL_SOFTWARE,2,,,,,,,,,,,,,,,,,,,,,,,,,,,,,,,,,,,,,,
NIRFSG_ATTR_DIGITAL_EDGE_START_TRIGGER_EDGE,1250459,ViInt32,edge,start_trigger,1,all,2,NIRFSG_VAL_RISING_EDGE,0,NIRFSG_VAL_FALLING_EDGE,1,,,,,,,,,,,,,,,,,,,,,,,,,,,,,,,,,,,,,,,,
NIRFSG_ATTR_PULSE_MODULATION_ENABLED,1250051,ViBoolean,pulse_modulation_enabled,model,1,all,,,,,,,,,,,,,,,,,,,,,,,,,,,,,,,,,,,,,,,,,,,,,
NIRFSG_ATTR_PULSE_MODULATION_MODE,1150190,ViInt32,pulse_modulation_mode,model,1,all,2,NIRFSG_VAL_OPTIMAL_MATCH,20000,NIRFSG_VAL_HIGH_ISOLATION,20001,,,,,,,,,,,,,,,,,,,,,,,,,,,,,,,,,,,,,,,,
NIRFSG_ATTR_GENERATION_MODE,1150018,ViInt32,generation_mode,channel,1,all,3,NIRFSG_VAL_CW,1000,NIRFSG_VAL_ARB_WAVEFORM,1001,NIRFSG_VAL_SCRIPT,1002,,,,,,,,,,,,,,,,,,,,,,,,,,,,,,,,,,,,,,
NIRFSG_ATTR_POWER_LEVEL_TYPE,1150043,ViInt32,,,,,,,,,,,,,,,,,,,,,,,,,,,,,,,,,,,,,,,,,,,,,,,,,
NIRFSG_ATTR_PEAK_ENVELOPE_POWER,1150011,ViReal64,,,,,,,,,,,,,,,,,,,,,,,,,,,,,,,,,,,,,,,,,,,,,,,,,
NIRFSG_ATTR_SIGNAL_BANDWIDTH,1150007,ViReal64,,,,,,,,,,,,,,,,,,,,,,,,,,,,,,,,,,,,,,,,,,,,,,,,,
NIRFSG_ATTR_DEVICE_INSTANTANEOUS_BANDWIDTH,1150226,ViReal64,,,,,,,,,,,,,,,,,,,,,,,,,,,,,,,,,,,,,,,,,,,,,,,,,
NIRFSG_ATTR_DIRECT_DOWNLOAD,1150042,ViInt32,,,,,,,,,,,,,,,,,,,,,,,,,,,,,,,,,,,,,,,,,,,,,,,,,
NIRFSG_ATTR_ARB_WAVEFORM_SOFTWARE_SCALING_FACTOR,1150052,ViReal64,,,,,,,,,,,,,,,,,,,,,,,,,,,,,,,,,,,,,,,,,,,,,,,,,
NIRFSG_ATTR_FREQUENCY_TOLERANCE,1150006,ViReal64,,,,,,,,,,,,,,,,,,,,,,,,,,,,,,,,,,,,,,,,,,,,,,,,,
NIRFSG_ATTR_PHASE_CONTINUITY_ENABLED,1150005,ViInt32,,,,,,,,,,,,,,,,,,,,,,,,,,,,,,,,,,,,,,,,,,,,,,,,,
NIRFSG_ATTR_DIGITAL_EQUALIZATION_ENABLED,1150012,ViInt32,,,,,,,,,,,,,,,,,,,,,,,,,,,,,,,,,,,,,,,,,,,,,,,,,
NIRFSG_ATTR_ARB_WAVEFORM_REPEAT_COUNT_IS_FINITE,1150157,ViBoolean,,,,,,,,,,,,,,,,,,,,,,,,,,,,,,,,,,,,,,,,,,,,,,,,,
NIRFSG_ATTR_ARB_WAVEFORM_REPEAT_COUNT,1150158,ViInt32,,,,,,,,,,,,,,,,,,,,,,,,,,,,,,,,,,,,,,,,,,,,,,,,,
NIRFSG_ATTR_MEMORY_SIZE,1150061,ViInt64,,,,,,,,,,,,,,,,,,,,,,,,,,,,,,,,,,,,,,,,,,,,,,,,,
NIRFSG_ATTR_SELECTED_SCRIPT,1150023,ViString,,,,,,,,,,,,,,,,,,,,,,,,,,,,,,,,,,,,,,,,,,,,,,,,,
NIRFSG_ATTR_REF_CLOCK_SOURCE,1150001,ViString,reference_clock_source,clock,1,all,6,NIRFSG_VAL_ONBOARD_CLOCK_STR,OnboardClock,NIRFSG_VAL_REF_IN_STR,RefIn,NIRFSG_VAL_PXI_CLK_STR,PXI_CLK,NIRFSG_VAL_NONE_STR,None,NIRFSG_VAL_REF_IN_2_STR,RefIn2,NIRFSG_VAL_PXI_CLK_MASTER_STR,PXI_ClkMaster,,,,,,,,,,,,,,,,,,,,,,,,,,,,,,,,
NIRFSG_ATTR_EXPORTED_REF_CLOCK_OUTPUT_TERMINAL,1150053,ViString,reference_clock_output_terminal,clock,1,all,4,NIRFSG_VAL_REF_OUT_STR,RefOut,NIRFSG_VAL_REF_OUT2_STR,RefOut2,NIRFSG_VAL_CLK_OUT_STR,ClkOut,NIRFSG_VAL_DO_NOT_EXPORT_STR,,,,,,,,,,,,,,,,,,,,,,,,,,,,,,,,,,,,,
NIRFSG_ATTR_LO_OUT_ENABLED,1150013,ViBoolean,,,,,,,,,,,,,,,,,,,,,,,,,,,,,,,,,,,,,,,,,,,,,,,,,
NIRFSG_ATTR_LO_OUT_POWER,1150066,ViReal64,,,,,,,,,,,,,,,,,,,,,,,,,,,,,,,,,,,,,,,,,,,,,,,,,
NIRFSG_ATTR_LO_IN_POWER,1150067,ViReal64,,,,,,,,,,,,,,,,,,,,,,,,,,,,,,,,,,,,,,,,,,,,,,,,,
NIRFSG_ATTR_PXI_CHASSIS_CLK10_SOURCE,1150004,ViString,,,,,,,,,,,,,,,,,,,,,,,,,,,,,,,,,,,,,,,,,,,,,,,,,
NIRFSG_ATTR_ARB_ONBOARD_SAMPLE_CLOCK_MODE,1150029,ViInt32,,,,,,,,,,,,,,,,,,,,,,,,,,,,,,,,,,,,,,,,,,,,,,,,,
NIRFSG_ATTR_ARB_SAMPLE_CLOCK_SOURCE,1150030,ViString,,,,,,,,,,,,,,,,,,,,,,,,,,,,,,,,,,,,,,,,,,,,,,,,,
NIRFSG_ATTR_ARB_SAMPLE_CLOCK_RATE,1150031,ViReal64,,,,,,,,,,,,,,,,,,,,,,,,,,,,,,,,,,,,,,,,,,,,,,,,,
NIRFSG_ATTR_ARB_OSCILLATOR_PHASE_DAC_VALUE,1150089,ViInt32,,,,,,,,,,,,,,,,,,,,,,,,,,,,,,,,,,,,,,,,,,,,,,,,,
NIRFSG_ATTR_REF_PLL_BANDWIDTH,1150133,ViInt32,,,,,,,,,,,,,,,,,,,,,,,,,,,,,,,,,,,,,,,,,,,,,,,,,
NIRFSG_ATTR_LO_OUT_EXPORT_CONFIGURE_FROM_RFSA,1150242,ViInt32,,,,,,,,,,,,,,,,,,,,,,,,,,,,,,,,,,,,,,,,,,,,,,,,,
NIRFSG_ATTR_RF_IN_LO_EXPORT_ENABLED,1150243,ViInt32,,,,,,,,,,,,,,,,,,,,,,,,,,,,,,,,,,,,,,,,,,,,,,,,,
NIRFSG_ATTR_ANALOG_MODULATION_TYPE,1150032,ViInt32,mode,analog_modulation,1,PXIe-5654,4,NIRFSG_VAL_NONE,0,NIRFSG_VAL_FM,2000,NIRFSG_VAL_PM,2001,NIRFSG_VAL_AM,2002,,,,,,,,,,,,,,,,,,,,,,,,,,,,,,,,,,,,
NIRFSG_ATTR_ANALOG_MODULATION_WAVEFORM_TYPE,1150033,ViInt32,,,,,,,,,,,,,,,,,,,,,,,,,,,,,,,,,,,,,,,,,,,,,,,,,
NIRFSG_ATTR_ANALOG_MODULATION_WAVEFORM_FREQUENCY,1150034,ViReal64,,,,,,,,,,,,,,,,,,,,,,,,,,,,,,,,,,,,,,,,,,,,,,,,,
NIRFSG_ATTR_ANALOG_MODULATION_FM_DEVIATION,1150035,ViReal64,,,,,,,,,,,,,,,,,,,,,,,,,,,,,,,,,,,,,,,,,,,,,,,,,
NIRFSG_ATTR_ANALOG_MODULATION_PM_DEVIATION,1150062,ViReal64,,,,,,,,,,,,,,,,,,,,,,,,,,,,,,,,,,,,,,,,,,,,,,,,,
NIRFSG_ATTR_ANALOG_MODULATION_FM_BAND,1150191,ViInt32,fm_band,analog_modulation,1,PXIe-5654,2,NIRFSG_VAL_NARROWBAND,17000,NIRFSG_VAL_WIDEBAND,17001,,,,,,,,,,,,,,,,,,,,,,,,,,,,,,,,,,,,,,,,
NIRFSG_ATTR_ANALOG_MODULATION_FM_NARROWBAND_INTEGRATOR,1150165,ViInt32,fm_narrowband_integrator,analog_modulation,1,PXIe-5654,3,NIRFSG_VAL_100HZ_TO_1KHZ,18000,NIRFSG_VAL_1KHZ_TO_10KHZ,18001,NIRFSG_VAL_10KHZ_TO_100KHZ,18002,,,,,,,,,,,,,,,,,,,,,,,,,,,,,,,,,,,,,,
NIRFSG_ATTR_ANALOG_MODULATION_FM_SENSITIVITY,1150166,ViReal64,fm_sensitivity,analog_modulation,1,PXIe-5654,0,,,,,,,,,,,,,,,,,,,,,,,,,,,,,,,,,,,,,,,,,,,,
NIRFSG_ATTR_ANALOG_MODULATION_AM_SENSITIVITY,1150167,ViReal64,am_sensitivity,analog_modulation,1,PXIe-5654,0,,,,,,,,,,,,,,,,,,,,,,,,,,,,,,,,,,,,,,,,,,,,
NIRFSG_ATTR_ANALOG_MODULATION_PM_SENSITIVITY,1150168,ViReal64,pm_sensitivity,analog_modulation,1,PXIe-5654,0,,,,,,,,,,,,,,,,,,,,,,,,,,,,,,,,,,,,,,,,,,,,
NIRFSG_ATTR_ANALOG_MODULATION_PM_MODE,1150192,ViInt32,pm_mode,analog_modulation,1,PXIe-5654,2,NIRFSG_VAL_HIGH_DEVIATION,19000,NIRFSG_VAL_LOW_PHASE_NOISE,19001,,,,,,,,,,,,,,,,,,,,,,,,,,,,,,,,,,,,,,,,
NIRFSG_ATTR_DIGITAL_MODULATION_TYPE,1150036,ViInt32,,,,,,,,,,,,,,,,,,,,,,,,,,,,,,,,,,,,,,,,,,,,,,,,,
NIRFSG_ATTR_DIGITAL_MODULATION_SYMBOL_RATE,1150037,ViReal64,,,,,,,,,,,,,,,,,,,,,,,,,,,,,,,,,,,,,,,,,,,,,,,,,
NIRFSG_ATTR_DIGITAL_MODULATION_WAVEFORM_TYPE,1150038,ViInt32,,,,,,,,,,,,,,,,,,,,,,,,,,,,,,,,,,,,,,,,,,,,,,,,,
NIRFSG_ATTR_DIGITAL_MODULATION_PRBS_ORDER,1150039,ViInt32,,,,,,,,,,,,,,,,,,,,,,,,,,,,,,,,,,,,,,,,,,,,,,,,,
NIRFSG_ATTR_DIGITAL_MODULATION_PRBS_SEED,1150040,ViInt32,,,,,,,,,,,,,,,,,,,,,,,,,,,,,,,,,,,,,,,,,,,,,,,,,
NIRFSG_ATTR_DIGITAL_MODULATION_FSK_DEVIATION,1150041,ViReal64,,,,,,,,,,,,,,,,,,,,,,,,,,,,,,,,,,,,,,,,,,,,,,,,,
NIRFSG_ATTR_ARB_PRE_FILTER_GAIN,1150025,ViReal64,,,,,,,,,,,,,,,,,,,,,,,,,,,,,,,,,,,,,,,,,,,,,,,,,
NIRFSG_ATTR_ARB_FILTER_TYPE,1150056,ViInt32,,,,,,,,,,,,,,,,,,,,,,,,,,,,,,,,,,,,,,,,,,,,,,,,,
NIRFSG_ATTR_ARB_FILTER_ROOT_RAISED_COSINE_ALPHA,1150057,ViReal64,,,,,,,,,,,,,,,,,,,,,,,,,,,,,,,,,,,,,,,,,,,,,,,,,
NIRFSG_ATTR_ARB_FILTER_RAISED_COSINE_ALPHA,1150060,ViReal64,,,,,,,,,,,,,,,,,,,,,,,,,,,,,,,,,,,,,,,,,,,,,,,,,
NIRFSG_ATTR_ATTENUATOR_HOLD_ENABLED,1150009,ViBoolean,,,,,,,,,,,,,,,,,,,,,,,,,,,,,,,,,,,,,,,,,,,,,,,,,
NIRFSG_ATTR_ATTENUATOR_HOLD_MAX_POWER,1150010,ViReal64,,,,,,,,,,,,,,,,,,,,,,,,,,,,,,,,,,,,,,,,,,,,,,,,,
NIRFSG_ATTR_SCRIPT_TRIGGER_TYPE,1150019,ViInt32,,,,,,,,,,,,,,,,,,,,,,,,,,,,,,,,,,,,,,,,,,,,,,,,,
NIRFSG_ATTR_DIGITAL_EDGE_SCRIPT_TRIGGER_SOURCE,1150020,ViString,,,,,,,,,,,,,,,,,,,,,,,,,,,,,,,,,,,,,,,,,,,,,,,,,
NIRFSG_ATTR_DIGITAL_EDGE_SCRIPT_TRIGGER_EDGE,1150021,ViInt32,,,,,,,,,,,,,,,,,,,,,,,,,,,,,,,,,,,,,,,,,,,,,,,,,
NIRFSG_ATTR_DIGITAL_LEVEL_SCRIPT_TRIGGER_SOURCE,1150054,ViString,,,,,,,,,,,,,,,,,,,,,,,,,,,,,,,,,,,,,,,,,,,,,,,,,
NIRFSG_ATTR_DIGITAL_LEVEL_SCRIPT_TRIGGER_ACTIVE_LEVEL,1150055,ViInt32,,,,,,,,,,,,,,,,,,,,,,,,,,,,,,,,,,,,,,,,,,,,,,,,,
NIRFSG_ATTR_EXPORTED_SCRIPT_TRIGGER_OUTPUT_TERMINAL,1150022,ViString,,,,,,,,,,,,,,,,,,,,,,,,,,,,,,,,,,,,,,,,,,,,,,,,,
NIRFSG_ATTR_SCRIPT_TRIGGER_TERMINAL_NAME,1150116,ViString,,,,,,,,,,,,,,,,,,,,,,,,,,,,,,,,,,,,,,,,,,,,,,,,,
NIRFSG_ATTR_DIGITAL_EDGE_START_TRIGGER_SOURCE,1150002,ViString,source,start_trigger,1,all,17,NIRFSG_VAL_DO_NOT_EXPORT_STR,,NIRFSG_VAL_TRIG_IN_STR,TrigIn,NIRFSG_VAL_TRIG_OUT_STR,TrigOut,NIRFSG_VAL_PFI0_STR,PFI0,NIRFSG_VAL_PFI1_STR,PFI1,NIRFSG_VAL_PFI2_STR,PFI2,NIRFSG_VAL_PFI3_STR,PFI3,NIRFSG_VAL_PFI4_STR,PFI4,NIRFSG_VAL_PFI5_STR,PFI5,NIRFSG_VAL_PXI_TRIG0_STR,PXI_Trig0,NIRFSG_VAL_PXI_TRIG1_STR,PXI_Trig1,NIRFSG_VAL_PXI_TRIG2_STR,PXI_Trig2,NIRFSG_VAL_PXI_TRIG3_STR,PXI_Trig3,NIRFSG_VAL_PXI_TRIG4_STR,PXI_Trig4,NIRFSG_VAL_PXI_TRIG5_STR,PXI_Trig5,NIRFSG_VAL_PXI_TRIG6_STR,PXI_Trig6,NIRFSG_VAL_PXI_TRIG7_STR,PXI_Trig7,,,,,,,,,,
NIRFSG_ATTR_EXPORTED_START_TRIGGER_OUTPUT_TERMINAL,1150003,ViString,exported_terminal,start_trigger,1,all,17,NIRFSG_VAL_DO_NOT_EXPORT_STR,,NIRFSG_VAL_TRIG_IN_STR,TrigIn,NIRFSG_VAL_TRIG_OUT_STR,TrigOut,NIRFSG_VAL_PFI0_STR,PFI0,NIRFSG_VAL_PFI1_STR,PFI1,NIRFSG_VAL_PFI2_STR,PFI2,NIRFSG_VAL_PFI3_STR,PFI3,NIRFSG_VAL_PFI4_STR,PFI4,NIRFSG_VAL_PFI5_STR,PFI5,NIRFSG_VAL_PXI_TRIG0_STR,PXI_Trig0,NIRFSG_VAL_PXI_TRIG1_STR,PXI_Trig1,NIRFSG_VAL_PXI_TRIG2_STR,PXI_Trig2,NIRFSG_VAL_PXI_TRIG3_STR,PXI_Trig3,NIRFSG_VAL_PXI_TRIG4_STR,PXI_Trig4,NIRFSG_VAL_PXI_TRIG5_STR,PXI_Trig5,NIRFSG_VAL_PXI_TRIG6_STR,PXI_Trig6,NIRFSG_VAL_PXI_TRIG7_STR,PXI_Trig7,,,,,,,,,,
NIRFSG_ATTR_START_TRIGGER_TERMINAL_NAME,1150114,ViString,terminal,start_trigger,1,all,0,,,,,,,,,,,,,,,,,,,,,,,,,,,,,,,,,,,,,,,,,,,,
NIRFSG_ATTR_P2P_ENDPOINT_FULLNESS_START_TRIGGER_LEVEL,1150128,ViInt64,,,,,,,,,,,,,,,,,,,,,,,,,,,,,,,,,,,,,,,,,,,,,,,,,
NIRFSG_ATTR_EXPORTED_DONE_EVENT_OUTPUT_TERMINAL,1150063,ViString,,,,,,,,,,,,,,,,,,,,,,,,,,,,,,,,,,,,,,,,,,,,,,,,,
NIRFSG_ATTR_DONE_EVENT_TERMINAL_NAME,1150113,ViString,,,,,,,,,,,,,,,,,,,,,,,,,,,,,,,,,,,,,,,,,,,,,,,,,
NIRFSG_ATTR_EXPORTED_MARKER_EVENT_OUTPUT_TERMINAL,1150064,ViString,,,,,,,,,,,,,,,,,,,,,,,,,,,,,,,,,,,,,,,,,,,,,,,,,
NIRFSG_ATTR_MARKER_EVENT_TERMINAL_NAME,1150115,ViString,,,,,,,,,,,,,,,,,,,,,,,,,,,,,,,,,,,,,,,,,,,,,,,,,
NIRFSG_ATTR_MARKER_EVENT_OUTPUT_BEHAVIOR,1150206,ViInt32,,,,,,,,,,,,,,,,,,,,,,,,,,,,,,,,,,,,,,,,,,,,,,,,,
NIRFSG_ATTR_MARKER_EVENT_PULSE_WIDTH,1150207,ViReal64,,,,,,,,,,,,,,,,,,,,,,,,,,,,,,,,,,,,,,,,,,,,,,,,,
NIRFSG_ATTR_MARKER_EVENT_PULSE_WIDTH_UNITS,1150208,ViInt32,,,,,,,,,,,,,,,,,,,,,,,,,,,,,,,,,,,,,,,,,,,,,,,,,
NIRFSG_ATTR_MARKER_EVENT_TOGGLE_INITIAL_STATE,1150209,ViInt32,,,,,,,,,,,,,,,,,,,,,,,,,,,,,,,,,,,,,,,,,,,,,,,,,
NIRFSG_ATTR_EXPORTED_STARTED_EVENT_OUTPUT_TERMINAL,1150065,ViString,exported_started_event_terminal,events,11,PXIe-5670,PXIe-5671,PXIe-5672,PXIe-5673,PXIe-5673E,PXIe-5820,PXIe-5830,PXIe-5831,PXIe-5832,PXIe-5840,PXIe-5841,17,NIRFSG_VAL_DO_NOT_EXPORT_STR,,NIRFSG_VAL_TRIG_IN_STR,TrigIn,NIRFSG_VAL_TRIG_OUT_STR,TrigOut,NIRFSG_VAL_PFI0_STR,PFI0,NIRFSG_VAL_PFI1_STR,PFI1,NIRFSG_VAL_PFI2_STR,PFI2,NIRFSG_VAL_PFI3_STR,PFI3,NIRFSG_VAL_PFI4_STR,PFI4,NIRFSG_VAL_PFI5_STR,PFI5,NIRFSG_VAL_PXI_TRIG0_STR,PXI_Trig0,NIRFSG_VAL_PXI_TRIG1_STR,PXI_Trig1,NIRFSG_VAL_PXI_TRIG2_STR,PXI_Trig2,NIRFSG_VAL_PXI_TRIG3_STR,PXI_Trig3,NIRFSG_VAL_PXI_TRIG4_STR,PXI_Trig4,NIRFSG_VAL_PXI_TRIG5_STR,PXI_Trig5,NIRFSG_VAL_PXI_TRIG6_STR,PXI_Trig6,NIRFSG_VAL_PXI_TRIG7_STR,PXI_Trig7
NIRFSG_ATTR_STARTED_EVENT_TERMINAL_NAME,1150112,ViString,started_event_terminal,events,11,PXIe-5670,PXIe-5671,PXIe-5672,PXIe-5673,PXIe-5673E,PXIe-5820,PXIe-5830,PXIe-5831,PXIe-5832,PXIe-5840,PXIe-5841,0,,,,,,,,,,,,,,,,,,,,,,,,,,,,,,,,,,
NIRFSG_ATTR_EXPORTED_CONFIGURATION_SETTLED_EVENT_OUTPUT_TERMINAL,1150129,ViString,exported_configuration_settled_event_terminal,events,1,all,17,NIRFSG_VAL_DO_NOT_EXPORT_STR,,NIRFSG_VAL_TRIG_IN_STR,TrigIn,NIRFSG_VAL_TRIG_OUT_STR,TrigOut,NIRFSG_VAL_PFI0_STR,PFI0,NIRFSG_VAL_PFI1_STR,PFI1,NIRFSG_VAL_PFI2_STR,PFI2,NIRFSG_VAL_PFI3_STR,PFI3,NIRFSG_VAL_PFI4_STR,PFI4,NIRFSG_VAL_PFI5_STR,PFI5,NIRFSG_VAL_PXI_TRIG0_STR,PXI_Trig0,NIRFSG_VAL_PXI_TRIG1_STR,PXI_Trig1,NIRFSG_VAL_PXI_TRIG2_STR,PXI_Trig2,NIRFSG_VAL_PXI_TRIG3_STR,PXI_Trig3,NIRFSG_VAL_PXI_TRIG4_STR,PXI_Trig4,NIRFSG_VAL_PXI_TRIG5_STR,PXI_Trig5,NIRFSG_VAL_PXI_TRIG6_STR,PXI_Trig6,NIRFSG_VAL_PXI_TRIG7_STR,PXI_Trig7,,,,,,,,,,
NIRFSG_ATTR_CONFIGURATION_SETTLED_EVENT_TERMINAL_NAME,1150194,ViString,configuration_settled_event_terminal,events,1,all,0,,,,,,,,,,,,,,,,,,,,,,,,,,,,,,,,,,,,,,,,,,,,
NIRFSG_ATTR_DATA_TRANSFER_BLOCK_SIZE,1150048,ViInt32,,,,,,,,,,,,,,,,,,,,,,,,,,,,,,,,,,,,,,,,,,,,,,,,,
NIRFSG_ATTR_DATA_TRANSFER_MAXIMUM_BANDWIDTH,1150086,ViReal64,,,,,,,,,,,,,,,,,,,,,,,,,,,,,,,,,,,,,,,,,,,,,,,,,
NIRFSG_ATTR_DATA_TRANSFER_PREFERRED_PACKET_SIZE,1150087,ViInt32,,,,,,,,,,,,,,,,,,,,,,,,,,,,,,,,,,,,,,,,,,,,,,,,,
NIRFSG_ATTR_DATA_TRANSFER_MAXIMUM_IN_FLIGHT_READS,1150088,ViInt32,,,,,,,,,,,,,,,,,,,,,,,,,,,,,,,,,,,,,,,,,,,,,,,,,
NIRFSG_ATTR_STREAMING_ENABLED,1150045,ViBoolean,,,,,,,,,,,,,,,,,,,,,,,,,,,,,,,,,,,,,,,,,,,,,,,,,
NIRFSG_ATTR_STREAMING_WAVEFORM_NAME,1150046,ViString,,,,,,,,,,,,,,,,,,,,,,,,,,,,,,,,,,,,,,,,,,,,,,,,,
NIRFSG_ATTR_STREAMING_SPACE_AVAILABLE_IN_WAVEFORM,1150047,ViInt64,,,,,,,,,,,,,,,,,,,,,,,,,,,,,,,,,,,,,,,,,,,,,,,,,
NIRFSG_ATTR_STREAMING_WRITE_TIMEOUT,1150140,ViReal64,,,,,,,,,,,,,,,,,,,,,,,,,,,,,,,,,,,,,,,,,,,,,,,,,
NIRFSG_ATTR_UPCONVERTER_GAIN,1154097,ViReal64,,,,,,,,,,,,,,,,,,,,,,,,,,,,,,,,,,,,,,,,,,,,,,,,,
NIRFSG_ATTR_UPCONVERTER_CENTER_FREQUENCY,1154098,ViReal64,,,,,,,,,,,,,,,,,,,,,,,,,,,,,,,,,,,,,,,,,,,,,,,,,
NIRFSG_ATTR_ALLOW_OUT_OF_SPECIFICATION_USER_SETTINGS,1150014,ViInt32,,,,,,,,,,,,,,,,,,,,,,,,,,,,,,,,,,,,,,,,,,,,,,,,,
NIRFSG_ATTR_ARB_CARRIER_FREQUENCY,1150015,ViReal64,,,,,,,,,,,,,,,,,,,,,,,,,,,,,,,,,,,,,,,,,,,,,,,,,
NIRFSG_ATTR_ARB_DIGITAL_GAIN,1150204,ViReal64,,,,,,,,,,,,,,,,,,,,,,,,,,,,,,,,,,,,,,,,,,,,,,,,,
NIRFSG_ATTR_ARB_POWER,1150016,ViReal64,,,,,,,,,,,,,,,,,,,,,,,,,,,,,,,,,,,,,,,,,,,,,,,,,
NIRFSG_ATTR_DEVICE_TEMPERATURE,1150017,ViReal64,device_temperature,model,1,all,0,,,,,,,,,,,,,,,,,,,,,,,,,,,,,,,,,,,,,,,,,,,,
NIRFSG_ATTR_ARB_TEMPERATURE,1150068,ViReal64,,,,,,,,,,,,,,,,,,,,,,,,,,,,,,,,,,,,,,,,,,,,,,,,,
NIRFSG_ATTR_LO_TEMPERATURE,1150075,ViReal64,,,,,,,,,,,,,,,,,,,,,,,,,,,,,,,,,,,,,,,,,,,,,,,,,
NIRFSG_ATTR_AE_TEMPERATURE,1150182,ViReal64,,,,,,,,,,,,,,,,,,,,,,,,,,,,,,,,,,,,,,,,,,,,,,,,,
NIRFSG_ATTR_FPGA_TEMPERATURE,1150211,ViReal64,,,,,,,,,,,,,,,,,,,,,,,,,,,,,,,,,,,,,,,,,,,,,,,,,
NIRFSG_ATTR_TEMPERATURE_READ_INTERVAL,1150212,ViReal64,,,,,,,,,,,,,,,,,,,,,,,,,,,,,,,,,,,,,,,,,,,,,,,,,
NIRFSG_ATTR_AUTOMATIC_THERMAL_CORRECTION,1150008,ViInt32,automatic_thermal_correction,channel,1,all,0,,,,,,,,,,,,,,,,,,,,,,,,,,,,,,,,,,,,,,,,,,,,
NIRFSG_ATTR_LOOP_BANDWIDTH,1150027,ViInt32,,,,,,,,,,,,,,,,,,,,,,,,,,,,,,,,,,,,,,,,,,,,,,,,,
NIRFSG_ATTR_FGEN_SESSION,1150028,ViSession,,,,,,,,,,,,,,,,,,,,,,,,,,,,,,,,,,,,,,,,,,,,,,,,,
NIRFSG_ATTR_LO_SESSION,1150074,ViSession,,,,,,,,,,,,,,,,,,,,,,,,,,,,,,,,,,,,,,,,,,,,,,,,,
NIRFSG_ATTR_AE_SESSION,1150183,ViSession,,,,,,,,,,,,,,,,,,,,,,,,,,,,,,,,,,,,,,,,,,,,,,,,,
NIRFSG_ATTR_DIGITAL_PATTERN,1150044,ViBoolean,,,,,,,,,,,,,,,,,,,,,,,,,,,,,,,,,,,,,,,,,,,,,,,,,
NIRFSG_ATTR_PHASE_OFFSET,1150024,ViReal64,,,,,,,,,,,,,,,,,,,,,,,,,,,,,,,,,,,,,,,,,,,,,,,,,
NIRFSG_ATTR_FREQUENCY_SETTLING_UNITS,1150082,ViInt32,frequency_settling_units,channel,1,PXIe-5654,3,NIRFSG_VAL_TIME_AFTER_LOCK,12000,NIRFSG_VAL_TIME_AFTER_IO,12001,NIRFSG_VAL_PPM,12002,,,,,,,,,,,,,,,,,,,,,,,,,,,,,,,,,,,,,,
NIRFSG_ATTR_FREQUENCY_SETTLING,1150083,ViReal64,frequency_settling,channel,1,PXIe-5654,0,,,,,,,,,,,,,,,,,,,,,,,,,,,,,,,,,,,,,,,,,,,,
NIRFSG_ATTR_AMPLITUDE_SETTLING,1150137,ViReal64,amplitude_settling,channel,1,PXIe-5654,0,,,,,,,,,,,,,,,,,,,,,,,,,,,,,,,,,,,,,,,,,,,,
NIRFSG_ATTR_EXTERNAL_GAIN,1150085,ViReal64,,,,,,,,,,,,,,,,,,,,,,,,,,,,,,,,,,,,,,,,,,,,,,,,,
NIRFSG_ATTR_YIG_MAIN_COIL_DRIVE,1150118,ViInt32,yig_main_coil_drive,channel,1,PXIe-5653,2,NIRFSG_VAL_SLOW,0,NIRFSG_VAL_FAST,1,,,,,,,,,,,,,,,,,,,,,,,,,,,,,,,,,,,,,,,,
NIRFSG_ATTR_PEAK_POWER_ADJUSTMENT,1150132,ViReal64,,,,,,,,,,,,,,,,,,,,,,,,,,,,,,,,,,,,,,,,,,,,,,,,,
NIRFSG_ATTR_PEAK_POWER_ADJUSTMENT_INHERITANCE,1150141,ViInt32,,,,,,,,,,,,,,,,,,,,,,,,,,,,,,,,,,,,,,,,,,,,,,,,,
NIRFSG_ATTR_COMPENSATE_FOR_FILTER_GROUP_DELAY,1152832,ViBoolean,,,,,,,,,,,,,,,,,,,,,,,,,,,,,,,,,,,,,,,,,,,,,,,,,
NIRFSG_ATTR_CORRECTION_TEMPERATURE,1150104,ViReal64,,,,,,,,,,,,,,,,,,,,,,,,,,,,,,,,,,,,,,,,,,,,,,,,,
NIRFSG_ATTR_ALC_CONTROL,1150195,ViInt32,,,,,,,,,,,,,,,,,,,,,,,,,,,,,,,,,,,,,,,,,,,,,,,,,
NIRFSG_ATTR_AUTO_POWER_SEARCH,1150196,ViInt32,,,,,,,,,,,,,,,,,,,,,,,,,,,,,,,,,,,,,,,,,,,,,,,,,
NIRFSG_ATTR_AMP_PATH,1150185,ViInt32,,,,,,,,,,,,,,,,,,,,,,,,,,,,,,,,,,,,,,,,,,,,,,,,,
NIRFSG_ATTR_ATTENUATOR_SETTING,1150173,ViReal64,,,,,,,,,,,,,,,,,,,,,,,,,,,,,,,,,,,,,,,,,,,,,,,,,
NIRFSG_ATTR_OVERFLOW_ERROR_REPORTING,1150228,ViInt32,,,,,,,,,,,,,,,,,,,,,,,,,,,,,,,,,,,,,,,,,,,,,,,,,
NIRFSG_ATTR_THERMAL_CORRECTION_TEMPERATURE_RESOLUTION,1150244,ViReal64,,,,,,,,,,,,,,,,,,,,,,,,,,,,,,,,,,,,,,,,,,,,,,,,,
NIRFSG_ATTR_THERMAL_CORRECTION_HEADROOM_RANGE,1150258,ViReal64,,,,,,,,,,,,,,,,,,,,,,,,,,,,,,,,,,,,,,,,,,,,,,,,,
NIRFSG_ATTR_SELECTED_PORTS,1150241,ViString,,,,,,,,,,,,,,,,,,,,,,,,,,,,,,,,,,,,,,,,,,,,,,,,,
NIRFSG_ATTR_AVAILABLE_PORTS,1150249,ViString,,,,,,,,,,,,,,,,,,,,,,,,,,,,,,,,,,,,,,,,,,,,,,,,,
NIRFSG_ATTR_IQ_IMPAIRMENT_ENABLED,1150069,ViBoolean,,,,,,,,,,,,,,,,,,,,,,,,,,,,,,,,,,,,,,,,,,,,,,,,,
NIRFSG_ATTR_IQ_OFFSET_UNITS,1150081,ViInt32,,,,,,,,,,,,,,,,,,,,,,,,,,,,,,,,,,,,,,,,,,,,,,,,,
NIRFSG_ATTR_IQ_I_OFFSET,1150070,ViReal64,,,,,,,,,,,,,,,,,,,,,,,,,,,,,,,,,,,,,,,,,,,,,,,,,
NIRFSG_ATTR_IQ_Q_OFFSET,1150071,ViReal64,,,,,,,,,,,,,,,,,,,,,,,,,,,,,,,,,,,,,,,,,,,,,,,,,
NIRFSG_ATTR_IQ_GAIN_IMBALANCE,1150072,ViReal64,,,,,,,,,,,,,,,,,,,,,,,,,,,,,,,,,,,,,,,,,,,,,,,,,
NIRFSG_ATTR_IQ_SKEW,1150073,ViReal64,,,,,,,,,,,,,,,,,,,,,,,,,,,,,,,,,,,,,,,,,,,,,,,,,
NIRFSG_ATTR_SERIAL_NUMBER,1150026,ViString,serial_number,model,1,all,0,,,,,,,,,,,,,,,,,,,,,,,,,,,,,,,,,,,,,,,,,,,,
NIRFSG_ATTR_MODULE_REVISION,1150084,ViString,module_revision,model,1,all,0,,,,,,,,,,,,,,,,,,,,,,,,,,,,,,,,,,,,,,,,,,,,
NIRFSG_ATTR_MODULE_POWER_CONSUMPTION,1150210,ViReal64,,,,,,,,,,,,,,,,,,,,,,,,,,,,,,,,,,,,,,,,,,,,,,,,,
NIRFSG_ATTR_FAST_TUNING_OPTION,1150188,ViBoolean,fast_tuning,model,1,PXIe-5654,0,,,,,,,,,,,,,,,,,,,,,,,,,,,,,,,,,,,,,,,,,,,,
NIRFSG_ATTR_EXTERNAL_CALIBRATION_RECOMMENDED_INTERVAL,1150076,ViInt32,recommend_interval,external_cal,1,all,0,,,,,,,,,,,,,,,,,,,,,,,,,,,,,,,,,,,,,,,,,,,,
NIRFSG_ATTR_EXTERNAL_CALIBRATION_TEMPERATURE,1150077,ViReal64,temperature,external_cal,1,all,0,,,,,,,,,,,,,,,,,,,,,,,,,,,,,,,,,,,,,,,,,,,,
NIRFSG_ATTR_SELF_CALIBRATION_TEMPERATURE,1150136,ViReal64,,,,,,,,,,,,,,,,,,,,,,,,,,,,,,,,,,,,,,,,,,,,,,,,,
NIRFSG_ATTR_ACTIVE_CONFIGURATION_LIST,1150096,ViString,active_list,configuration_list,1,all,0,,,,,,,,,,,,,,,,,,,,,,,,,,,,,,,,,,,,,,,,,,,,
NIRFSG_ATTR_ACTIVE_CONFIGURATION_LIST_STEP,1150097,ViInt64,active_step,configuration_list,1,all,0,,,,,,,,,,,,,,,,,,,,,,,,,,,,,,,,,,,,,,,,,,,,
NIRFSG_ATTR_CONFIGURATION_LIST_STEP_IN_PROGRESS,1150122,ViInt64,step_in_progress,configuration_list,1,all,0,,,,,,,,,,,,,,,,,,,,,,,,,,,,,,,,,,,,,,,,,,,,
NIRFSG_ATTR_CONFIGURATION_LIST_STEP_TRIGGER_TYPE,1150098,ViInt32,type,configurationlist_trigger,1,all,3,NIRFSG_VAL_NONE,0,NIRFSG_VAL_DIGITAL_EDGE,1,NIRFSG_VAL_SOFTWARE,2,,,,,,,,,,,,,,,,,,,,,,,,,,,,,,,,,,,,,,
NIRFSG_ATTR_DIGITAL_EDGE_CONFIGURATION_LIST_STEP_TRIGGER_SOURCE,1150099,ViString,source,configurationlist_trigger,1,all,18,NIRFSG_VAL_DO_NOT_EXPORT_STR,,NIRFSG_VAL_TRIG_IN_STR,TrigIn,NIRFSG_VAL_TRIG_OUT_STR,TrigOut,NIRFSG_VAL_PFI0_STR,PFI0,NIRFSG_VAL_PFI1_STR,PFI1,NIRFSG_VAL_PFI2_STR,PFI2,NIRFSG_VAL_PFI3_STR,PFI3,NIRFSG_VAL_PFI4_STR,PFI4,NIRFSG_VAL_PFI5_STR,PFI5,NIRFSG_VAL_PXI_TRIG0_STR,PXI_Trig0,NIRFSG_VAL_PXI_TRIG1_STR,PXI_Trig1,NIRFSG_VAL_PXI_TRIG2_STR,PXI_Trig2,NIRFSG_VAL_PXI_TRIG3_STR,PXI_Trig3,NIRFSG_VAL_PXI_TRIG4_STR,PXI_Trig4,NIRFSG_VAL_PXI_TRIG5_STR,PXI_Trig5,NIRFSG_VAL_PXI_TRIG6_STR,PXI_Trig6,NIRFSG_VAL_PXI_TRIG7_STR,PXI_Trig7,NIRFSG_VAL_TIMER_EVENT_STR,TimerEvent,,,,,,,,
NIRFSG_ATTR_DIGITAL_EDGE_CONFIGURATION_LIST_STEP_TRIGGER_EDGE,1150103,ViInt32,edge,configurationlist_trigger,1,all,1,NIRFSG_VAL_RISING_EDGE,0,,,,,,,,,,,,,,,,,,,,,,,,,,,,,,,,,,,,,,,,,,
NIRFSG_ATTR_EXPORTED_CONFIGURATION_LIST_STEP_TRIGGER_OUTPUT_TERMINAL,1150105,ViString,exported_terminal,configurationlist_trigger,1,all,17,NIRFSG_VAL_DO_NOT_EXPORT_STR,,NIRFSG_VAL_TRIG_IN_STR,TrigIn,NIRFSG_VAL_TRIG_OUT_STR,TrigOut,NIRFSG_VAL_PFI0_STR,PFI0,NIRFSG_VAL_PFI1_STR,PFI1,NIRFSG_VAL_PFI2_STR,PFI2,NIRFSG_VAL_PFI3_STR,PFI3,NIRFSG_VAL_PFI4_STR,PFI4,NIRFSG_VAL_PFI5_STR,PFI5,NIRFSG_VAL_PXI_TRIG0_STR,PXI_Trig0,NIRFSG_VAL_PXI_TRIG1_STR,PXI_Trig1,NIRFSG_VAL_PXI_TRIG2_STR,PXI_Trig2,NIRFSG_VAL_PXI_TRIG3_STR,PXI_Trig3,NIRFSG_VAL_PXI_TRIG4_STR,PXI_Trig4,NIRFSG_VAL_PXI_TRIG5_STR,PXI_Trig5,NIRFSG_VAL_PXI_TRIG6_STR,PXI_Trig6,NIRFSG_VAL_PXI_TRIG7_STR,PXI_Trig7,,,,,,,,,,
NIRFSG_ATTR_CONFIGURATION_LIST_STEP_TRIGGER_TERMINAL_NAME,1150117,ViString,terminal,configurationlist_trigger,1,all,0,,,,,,,,,,,,,,,,,,,,,,,,,,,,,,,,,,,,,,,,,,,,
NIRFSG_ATTR_CONFIGURATION_LIST_REPEAT,1150102,ViInt32,repeat,configuration_list,1,all,2,NIRFSG_VAL_CONFIGURATION_LIST_REPEAT_CONTINUOUS,0,NIRFSG_VAL_CONFIGURATION_LIST_REPEAT_SINGLE,1,,,,,,,,,,,,,,,,,,,,,,,,,,,,,,,,,,,,,,,,
NIRFSG_ATTR_CONFIGURATION_LIST_IS_DONE,1150175,ViBoolean,done,configuration_list,1,all,0,,,,,,,,,,,,,,,,,,,,,,,,,,,,,,,,,,,,,,,,,,,,
NIRFSG_ATTR_TIMER_EVENT_INTERVAL,1150100,ViReal64,timer_interval,events,1,all,0,,,,,,,,,,,,,,,,,,,,,,,,,,,,,,,,,,,,,,,,,,,,
NIRFSG_ATTR_P2P_ENABLED,1150123,ViBoolean,,,,,,,,,,,,,,,,,,,,,,,,,,,,,,,,,,,,,,,,,,,,,,,,,
NIRFSG_ATTR_P2P_ENDPOINT_SIZE,1150124,ViInt64,,,,,,,,,,,,,,,,,,,,,,,,,,,,,,,,,,,,,,,,,,,,,,,,,
NIRFSG_ATTR_P2P_SPACE_AVAILABLE_IN_ENDPOINT,1150125,ViInt64,,,,,,,,,,,,,,,,,,,,,,,,,,,,,,,,,,,,,,,,,,,,,,,,,
NIRFSG_ATTR_P2P_MOST_SPACE_AVAILABLE_IN_ENDPOINT,1150126,ViInt64,,,,,,,,,,,,,,,,,,,,,,,,,,,,,,,,,,,,,,,,,,,,,,,,,
NIRFSG_ATTR_P2P_ENDPOINT_COUNT,1150127,ViInt32,,,,,,,,,,,,,,,,,,,,,,,,,,,,,,,,,,,,,,,,,,,,,,,,,
NIRFSG_ATTR_P2P_DATA_TRANSFER_PERMISSION_INTERVAL,1150134,ViInt64,,,,,,,,,,,,,,,,,,,,,,,,,,,,,,,,,,,,,,,,,,,,,,,,,
NIRFSG_ATTR_P2P_DATA_TRANSFER_PERMISSION_INITIAL_CREDITS,1150135,ViInt64,,,,,,,,,,,,,,,,,,,,,,,,,,,,,,,,,,,,,,,,,,,,,,,,,
NIRFSG_ATTR_P2P_IS_FINITE_GENERATION,1150217,ViBoolean,,,,,,,,,,,,,,,,,,,,,,,,,,,,,,,,,,,,,,,,,,,,,,,,,
NIRFSG_ATTR_P2P_NUMBER_OF_SAMPLES_TO_GENERATE,1150218,ViInt64,,,,,,,,,,,,,,,,,,,,,,,,,,,,,,,,,,,,,,,,,,,,,,,,,
NIRFSG_ATTR_P2P_GENERATION_FIFO_SAMPLE_QUANTUM,1150219,ViInt64,,,,,,,,,,,,,,,,,,,,,,,,,,,,,,,,,,,,,,,,,,,,,,,,,
NIRFSG_ATTR_REFERENCE_OSCILLATOR_EXTERNAL_FREQUENCY,1250322,None,,,,,,,,,,,,,,,,,,,,,,,,,,,,,,,,,,,,,,,,,,,,,,,,,
NIRFSG_ATTR_ARB_CLOCK_FREQUENCY,1250452,None,,,,,,,,,,,,,,,,,,,,,,,,,,,,,,,,,,,,,,,,,,,,,,,,,
NIRFSG_ATTR_ARB_TRIGGER_SOURCE,1250458,None,,,,,,,,,,,,,,,,,,,,,,,,,,,,,,,,,,,,,,,,,,,,,,,,,
NIRFSG_ATTR_ARB_EXTERNAL_TRIGGER_SLOPE,1250459,None,,,,,,,,,,,,,,,,,,,,,,,,,,,,,,,,,,,,,,,,,,,,,,,,,
NIRFSG_ATTR_SYNC_START_TRIGGER_MASTER,1150155,ViBoolean,,,,,,,,,,,,,,,,,,,,,,,,,,,,,,,,,,,,,,,,,,,,,,,,,
NIRFSG_ATTR_SYNC_START_TRIGGER_DIST_LINE,1150156,ViString,,,,,,,,,,,,,,,,,,,,,,,,,,,,,,,,,,,,,,,,,,,,,,,,,
NIRFSG_ATTR_SYNC_SCRIPT_TRIGGER_MASTER,1150142,ViBoolean,,,,,,,,,,,,,,,,,,,,,,,,,,,,,,,,,,,,,,,,,,,,,,,,,
NIRFSG_ATTR_SYNC_SCRIPT_TRIGGER_DIST_LINE,1150143,ViString,,,,,,,,,,,,,,,,,,,,,,,,,,,,,,,,,,,,,,,,,,,,,,,,,
NIRFSG_ATTR_SYNC_SAMPLE_CLOCK_MASTER,1150180,ViBoolean,,,,,,,,,,,,,,,,,,,,,,,,,,,,,,,,,,,,,,,,,,,,,,,,,
NIRFSG_ATTR_SYNC_SAMPLE_CLOCK_DIST_LINE,1150181,ViString,,,,,,,,,,,,,,,,,,,,,,,,,,,,,,,,,,,,,,,,,,,,,,,,,
NIRFSG_ATTR_EVENTS_DELAY,1150154,ViReal64,,,,,,,,,,,,,,,,,,,,,,,,,,,,,,,,,,,,,,,,,,,,,,,,,
NIRFSG_ATTR_INTERPOLATION_DELAY,1150153,ViReal64,,,,,,,,,,,,,,,,,,,,,,,,,,,,,,,,,,,,,,,,,,,,,,,,,
NIRFSG_ATTR_RELATIVE_DELAY,1150220,ViReal64,,,,,,,,,,,,,,,,,,,,,,,,,,,,,,,,,,,,,,,,,,,,,,,,,
NIRFSG_ATTR_ABSOLUTE_DELAY,1150225,ViReal64,,,,,,,,,,,,,,,,,,,,,,,,,,,,,,,,,,,,,,,,,,,,,,,,,
NIRFSG_ATTR_OUTPUT_PORT,1150144,ViInt32,,,,,,,,,,,,,,,,,,,,,,,,,,,,,,,,,,,,,,,,,,,,,,,,,
NIRFSG_ATTR_LO_SOURCE,1150150,ViString,,,,,,,,,,,,,,,,,,,,,,,,,,,,,,,,,,,,,,,,,,,,,,,,,
NIRFSG_ATTR_LO_FREQUENCY,1150199,ViReal64,,,,,,,,,,,,,,,,,,,,,,,,,,,,,,,,,,,,,,,,,,,,,,,,,
NIRFSG_ATTR_LO_FREQUENCY_STEP_SIZE,1150151,ViReal64,,,,,,,,,,,,,,,,,,,,,,,,,,,,,,,,,,,,,,,,,,,,,,,,,
NIRFSG_ATTR_LO_PLL_FRACTIONAL_MODE_ENABLED,1150152,ViInt32,,,,,,,,,,,,,,,,,,,,,,,,,,,,,,,,,,,,,,,,,,,,,,,,,
NIRFSG_ATTR_LO_VCO_FREQUENCY_STEP_SIZE,1150257,ViReal64,,,,,,,,,,,,,,,,,,,,,,,,,,,,,,,,,,,,,,,,,,,,,,,,,
NIRFSG_ATTR_IQ_OUT_PORT_CARRIER_FREQUENCY,1150145,ViReal64,,,,,,,,,,,,,,,,,,,,,,,,,,,,,,,,,,,,,,,,,,,,,,,,,
NIRFSG_ATTR_IQ_OUT_PORT_TERMINAL_CONFIGURATION,1150146,ViInt32,,,,,,,,,,,,,,,,,,,,,,,,,,,,,,,,,,,,,,,,,,,,,,,,,
NIRFSG_ATTR_IQ_OUT_PORT_LEVEL,1150147,ViReal64,,,,,,,,,,,,,,,,,,,,,,,,,,,,,,,,,,,,,,,,,,,,,,,,,
NIRFSG_ATTR_IQ_OUT_PORT_COMMON_MODE_OFFSET,1150148,ViReal64,,,,,,,,,,,,,,,,,,,,,,,,,,,,,,,,,,,,,,,,,,,,,,,,,
NIRFSG_ATTR_IQ_OUT_PORT_OFFSET,1150149,ViReal64,,,,,,,,,,,,,,,,,,,,,,,,,,,,,,,,,,,,,,,,,,,,,,,,,
NIRFSG_ATTR_IQ_OUT_PORT_TEMPERATURE,1150161,ViReal64,,,,,,,,,,,,,,,,,,,,,,,,,,,,,,,,,,,,,,,,,,,,,,,,,
NIRFSG_ATTR_IQ_OUT_PORT_LOAD_IMPEDANCE,1150163,ViReal64,,,,,,,,,,,,,,,,,,,,,,,,,,,,,,,,,,,,,,,,,,,,,,,,,
NIRFSG_ATTR_RF_BLANKING_SOURCE,1150162,ViString,,,,,,,,,,,,,,,,,,,,,,,,,,,,,,,,,,,,,,,,,,,,,,,,,
NIRFSG_ATTR_UPCONVERTER_FREQUENCY_OFFSET_MODE,1150248,ViInt32,,,,,,,,,,,,,,,,,,,,,,,,,,,,,,,,,,,,,,,,,,,,,,,,,
NIRFSG_ATTR_UPCONVERTER_FREQUENCY_OFFSET,1150160,ViReal64,,,,,,,,,,,,,,,,,,,,,,,,,,,,,,,,,,,,,,,,,,,,,,,,,
NIRFSG_ATTR_FPGA_BITFILE_PATH,1150186,ViString,,,,,,,,,,,,,,,,,,,,,,,,,,,,,,,,,,,,,,,,,,,,,,,,,
NIRFSG_ATTR_FPGA_TARGET_NAME,1150251,ViString,,,,,,,,,,,,,,,,,,,,,,,,,,,,,,,,,,,,,,,,,,,,,,,,,
NIRFSG_ATTR_HOST_DMA_BUFFER_SIZE,1150239,ViInt64,,,,,,,,,,,,,,,,,,,,,,,,,,,,,,,,,,,,,,,,,,,,,,,,,
NIRFSG_ATTR_DEEMBEDDING_TYPE,1150252,ViInt32,,,,,,,,,,,,,,,,,,,,,,,,,,,,,,,,,,,,,,,,,,,,,,,,,
NIRFSG_ATTR_DEEMBEDDING_SELECTED_TABLE,1150253,ViString,,,,,,,,,,,,,,,,,,,,,,,,,,,,,,,,,,,,,,,,,,,,,,,,,
